200
500
55 929 
43 373 
39 104 
38 832 
49 494 
80 390 
74 309 
42 188 
109 652 
26 615 
48 122 
47 606 
97 136 
17 375 
31 379 
16 518 
17 890 
100 87 
56 369 
29 684 
72 340 
35 478 
59 308 
75 47 
69 432 
72 749 
16 350 
64 592 
47 660 
29 110 
48 76 
37 696 
75 868 
93 310 
99 53 
55 802 
102 769 
89 392 
39 295 
101 387 
89 804 
45 336 
63 841 
37 341 
110 597 
60 890 
82 76 
95 637 
106 719 
108 884 
81 643 
95 515 
73 964 
16 191 
20 696 
88 40 
61 64 
85 355 
14 302 
106 756 
60 145 
55 922 
83 581 
20 868 
110 207 
61 70 
59 435 
94 612 
60 842 
64 712 
99 731 
61 740 
57 126 
104 50 
89 789 
67 28 
96 801 
11 858 
92 210 
35 681 
79 475 
12 969 
71 38 
42 11 
89 86 
32 767 
78 472 
68 314 
59 952 
26 727 
102 872 
17 377 
35 407 
96 406 
79 310 
48 89 
94 891 
67 397 
38 989 
17 806 
36 480 
35 593 
13 782 
17 252 
95 974 
40 529 
107 436 
67 221 
105 843 
88 515 
62 767 
13 288 
68 659 
94 585 
109 442 
53 424 
31 667 
27 223 
110 275 
36 885 
110 508 
75 796 
105 21 
27 489 
73 346 
13 367 
23 605 
64 770 
26 689 
16 614 
40 448 
100 50 
76 758 
34 266 
94 802 
12 983 
71 266 
88 955 
96 146 
106 501 
54 798 
77 956 
65 872 
35 722 
70 430 
97 689 
40 76 
100 695 
43 65 
70 216 
28 813 
60 878 
88 328 
43 716 
35 628 
78 668 
87 434 
85 883 
67 51 
14 216 
43 291 
66 62 
76 345 
66 551 
71 68 
28 979 
90 668 
66 310 
57 40 
35 523 
29 944 
101 796 
39 517 
88 385 
78 634 
110 400 
34 855 
71 641 
61 568 
53 311 
45 661 
51 515 
38 849 
34 674 
98 200 
106 259 
53 738 
64 223 
65 83 
17 174 
26 558 
83 991 
22 385 
94 314 
62 526 
34 587 
96 617 
63 865 
75 628 
48 704 
37 86 
72 321 
33 367 
53 429 
60 501 
12 517 
68 526 
70 821 
72 843 
44 214 
30 109 
62 906 
35 604 
80 541 
41 660 
55 409 
55 206 
91 919 
35 975 
110 374 
85 653 
52 532 
41 101 
14 792 
105 837 
15 15 
55 508 
82 22 
73 41 
72 45 
62 806 
63 148 
74 885 
77 288 
69 118 
23 685 
80 254 
78 300 
17 271 
102 353 
17 448 
77 404 
66 638 
35 418 
41 338 
73 434 
54 267 
92 859 
62 648 
108 362 
27 510 
109 886 
25 966 
48 173 
99 981 
36 47 
38 244 
60 735 
44 226 
15 616 
74 967 
59 59 
95 630 
79 88 
39 766 
12 745 
37 200 
93 93 
27 872 
28 105 
62 495 
14 631 
48 305 
76 323 
41 870 
48 446 
98 339 
66 772 
78 124 
22 949 
51 13 
55 219 
22 379 
21 80 
60 280 
47 101 
84 40 
42 864 
54 449 
96 226 
80 476 
81 857 
24 878 
90 133 
11 191 
43 593 
65 478 
21 118 
18 474 
108 458 
63 734 
20 527 
35 641 
52 468 
51 927 
56 110 
64 68 
76 567 
56 298 
62 298 
50 484 
101 395 
23 53 
22 521 
36 709 
40 631 
104 239 
19 918 
42 250 
48 672 
38 135 
92 282 
12 99 
110 499 
106 603 
107 588 
49 39 
92 751 
101 493 
33 969 
64 952 
61 699 
53 459 
79 774 
70 58 
107 939 
102 578 
30 745 
39 772 
54 776 
84 40 
73 812 
40 344 
25 872 
99 537 
50 742 
51 142 
102 735 
62 760 
18 11 
27 656 
60 360 
44 521 
15 614 
54 348 
51 18 
49 104 
91 168 
109 95 
49 987 
94 231 
90 176 
82 872 
20 324 
93 769 
96 800 
34 987 
69 9 
70 615 
32 503 
72 715 
82 700 
28 53 
29 616 
57 258 
65 482 
98 386 
67 211 
19 918 
96 592 
96 572 
53 110 
20 253 
80 769 
78 444 
34 181 
68 495 
91 327 
57 99 
52 46 
18 248 
37 547 
96 536 
68 594 
63 643 
47 139 
76 631 
110 828 
94 421 
58 103 
74 571 
93 21 
28 515 
57 316 
76 641 
71 25 
50 240 
82 225 
85 329 
81 227 
33 707 
27 241 
100 668 
78 925 
99 367 
37 304 
100 661 
35 707 
38 23 
32 845 
25 735 
79 607 
84 440 
93 748 
30 353 
36 795 
22 43 
45 101 
72 454 
35 150 
82 403 
64 461 
25 130 
77 294 
14 541 
48 871 
85 7 
87 248 
108 659 
57 918 
74 672 
74 775 
76 98 
37 128 
13 603 
39 74 
67 82 
45 771 
73 53 
27 419 
103 554 
99 219 
22 117 
76 62 
37 812 
41 490 
46 394 
26 901 
53 194 
90 745 
106 9 
80 504 
52 56 
85 5 
19 43 
33 53 
106 63 
34 860 
41 89 
31 657 
63 251 
109 440 
54 466 
102 838 
70 72 
92 807 
90 103 
21 521 
69 937 
87 619 
89 651 
33 926 
75 646 
95 595 
97 57 
62 339 
69 102 
40 302 
77 821 
101 578 
102 72 
95 323 
85 47 
106 685 
45 72 
13 665 
85 325 
52 139 
81 79 
96 57 