100
1500
60 816 
59 487 
51 1524 
33 922 
35 496 
15 2239 
24 104 
36 1822 
31 2096 
47 2642 
50 2516 
29 1005 
26 1650 
46 1856 
43 847 
34 1584 
22 1322 
31 255 
56 693 
36 2072 
50 1332 
23 1606 
46 2038 
39 2156 
43 2916 
60 574 
41 768 
39 748 
29 1664 
14 1253 
22 2829 
47 1523 
13 1907 
39 1700 
11 657 
33 1843 
48 2785 
58 423 
32 1226 
41 307 
53 2080 
40 924 
59 2810 
31 2967 
33 1626 
29 1686 
15 1055 
21 2957 
23 2689 
18 264 
57 130 
16 2685 
25 2905 
19 2088 
40 741 
56 2975 
32 978 
58 370 
47 2920 
48 2612 
56 1907 
57 352 
23 1857 
20 626 
58 2667 
51 2594 
56 698 
40 62 
12 441 
60 2083 
43 2247 
17 1705 
34 306 
36 1363 
36 114 
34 2123 
32 2622 
34 36 
41 485 
21 728 
11 2253 
33 2946 
60 655 
18 903 
55 2509 
48 2627 
15 2394 
43 2331 
12 1109 
53 277 
34 1666 
11 945 
49 2576 
40 469 
20 1993 
58 210 
55 2221 
17 1547 
37 866 
11 1673 
36 138 
11 2481 
42 334 
21 2935 
54 2503 
21 367 
30 313 
21 510 
48 2642 
39 2947 
44 2878 
18 231 
60 1366 
37 2676 
42 1929 
58 309 
27 2999 
49 1950 
44 1951 
44 2477 
15 2446 
53 676 
18 1153 
46 2645 
54 2516 
53 2780 
53 802 
20 1843 
27 2138 
28 1750 
26 218 
21 484 
26 2551 
43 1251 
12 1316 
37 658 
21 569 
44 518 
33 2871 
24 218 
46 808 
57 1778 
21 358 
32 1480 
57 2490 
41 1265 
19 2991 
58 274 
52 1181 
34 1043 
58 2602 
12 609 
30 737 
38 2594 
17 1992 
21 2992 
11 160 
32 2112 
29 445 
51 716 
46 1171 
42 344 
22 1079 
29 703 
21 2844 
57 2459 
55 1148 
27 2614 
45 1896 
19 2843 
47 2370 
47 1038 
39 2660 
11 397 
14 1091 
24 390 
23 795 
43 774 
36 1702 
38 1836 
55 1276 
56 1342 
36 2064 
17 2012 
20 866 
14 2198 
45 2040 
47 115 
59 1087 
21 1803 
37 2327 
54 1790 
31 276 
25 2346 
39 1743 
44 874 
30 531 
25 145 
55 521 
16 906 
46 1010 
13 1972 
11 690 
46 2100 
38 2949 
14 1657 
35 797 
58 2747 
34 712 
55 753 
16 978 
36 176 
20 1192 
32 1806 
24 2828 
21 802 
47 166 
35 1237 
17 2211 
48 334 
21 1941 
50 1785 
49 139 
41 1513 
11 975 
25 1008 
14 1242 
45 1164 
45 2207 
29 2200 
44 32 
13 222 
57 478 
20 1403 
50 2498 
48 2550 
50 1430 
44 1879 
28 216 
53 2770 
51 359 
38 846 
60 2664 
19 1736 
32 2330 
45 1607 
21 1288 
38 2909 
27 638 
23 2156 
47 750 
17 2628 
39 390 
18 1099 
17 2600 
28 2147 
18 1997 
55 1909 
23 2353 
54 1234 
44 1931 
51 1746 
30 2020 
14 2686 
19 316 
53 495 
28 1249 
33 948 
50 1980 
56 2946 
42 266 
55 1889 
22 2789 
60 1274 
53 1793 
20 1527 
35 2700 
34 1644 
29 2278 
39 1728 
55 873 
34 1714 
31 48 
22 1110 
38 2059 
16 959 
34 500 
59 1938 
50 1348 
23 132 
53 422 
20 1567 
33 2634 
21 2544 
23 1891 
33 2559 
24 1196 
33 1884 
54 1286 
56 623 
54 1401 
41 20 
12 2131 
19 243 
39 2871 
34 971 
53 2736 
47 1117 
31 99 
20 2335 
50 2282 
53 1753 
40 165 
48 2073 
12 1333 
55 2498 
45 1627 
27 2688 
19 1825 
40 1587 
57 656 
19 2691 
53 2798 
18 463 
56 1467 
57 2237 
11 1689 
51 1930 
16 2329 
14 1359 
23 1400 
16 1098 
36 372 
47 1486 
58 1067 
35 1595 
34 333 
45 2816 
42 2444 
38 730 
23 426 
26 2363 
24 1307 
52 1671 
47 2645 
40 1999 
54 885 
56 1421 
19 1233 
16 1508 
11 330 
14 1724 
25 1739 
49 1496 
44 2168 
35 2796 
53 2543 
18 2058 
59 801 
41 1835 
57 1110 
45 2192 
56 1633 
24 1306 
27 1222 
24 2867 
13 267 
52 2917 
17 480 
25 1243 
59 1341 
48 2591 
43 548 
58 2083 
58 2728 
29 2497 
49 2454 
48 887 
46 2652 
52 1654 
33 2357 
30 2775 
36 461 
54 2684 
52 2160 
36 1290 
60 2316 
42 1735 
23 2879 
29 1562 
19 2438 
18 1147 
53 98 
45 680 
11 1577 
43 1325 
45 1204 
59 1260 
26 1494 
54 659 
13 2221 
58 1505 
46 179 
49 1398 
19 1407 
20 367 
56 1369 
26 790 
26 1250 
31 1566 
38 1153 
52 1463 
18 1341 
32 1723 
46 1017 
41 839 
48 1680 
55 2125 
18 2933 
33 2619 
51 834 
47 239 
14 2202 
38 1372 
14 2849 
49 981 
13 531 
53 1061 
33 2517 
45 2408 
45 2516 
58 1474 
55 292 
59 405 
36 1473 
33 2619 
18 359 
17 2211 
23 1236 
42 716 
46 871 
58 2789 
13 1843 
11 975 
19 1335 
42 2595 
60 980 
31 2397 
33 2019 
13 2199 
53 175 
29 500 
45 2025 
22 1149 
20 996 
26 1696 
28 1264 
46 970 
16 36 
54 1816 
32 2677 
20 2572 
18 2830 
30 2631 
60 2472 
41 394 
58 1349 
55 1234 
35 1307 
43 984 
14 1598 
41 1871 
21 2218 
52 2966 
13 2135 
43 1327 
23 543 
58 171 
34 569 
11 2924 
50 2333 
27 389 
41 1562 
32 1405 
30 1004 
50 225 
14 123 
55 2814 
50 2638 
42 1945 
34 2264 
31 1286 
18 1520 
16 882 
48 1256 
17 2479 
50 1825 
27 1972 
48 1488 
36 1309 
54 468 
43 2797 
52 979 
22 281 
26 445 
37 2739 
21 199 
35 218 
28 2480 
11 1157 
48 2959 
45 2027 
46 853 
59 2873 
53 1726 
44 2536 
55 66 
44 486 
55 2997 
29 1660 
52 695 
11 502 
54 2775 
31 2963 
16 2874 
30 693 
44 2106 
32 2319 
19 1422 
54 3 
59 1077 
48 44 
54 2573 
39 2538 
29 1647 
60 10 
54 652 
23 939 
38 2286 
11 383 
21 2020 
38 2694 
38 1851 
25 1788 
32 2260 
50 770 
48 1679 
25 2181 
11 2046 
31 1171 
54 972 
43 737 
33 2395 
35 2400 
42 2928 
44 1542 
59 1561 
48 776 
23 1304 
25 1034 
23 1704 
16 1250 
44 320 
42 2336 
25 2852 
17 409 
33 2039 
57 2797 
45 524 
58 1169 
11 2682 
22 2749 
54 1649 
35 2357 
14 439 
52 866 
55 2897 
27 228 
29 249 
26 285 
60 422 
55 1275 
22 2542 
33 1948 
27 971 
26 867 
12 178 
25 2597 
38 1491 
13 2482 
42 2695 
59 2128 
53 166 
17 511 
26 2622 
58 1217 
55 2192 
51 206 
45 914 
14 2501 
46 2621 
27 2887 
60 1334 
43 2328 
34 1788 
21 2457 
44 211 
44 1776 
38 1643 
49 1493 
24 786 
20 1659 
37 2552 
26 2062 
25 1369 
24 2700 
52 2281 
48 1491 
24 2773 
30 789 
22 682 
58 745 
53 2533 
30 1620 
35 2158 
23 2791 
55 174 
59 272 
35 664 
45 542 
45 1598 
53 726 
40 531 
28 2195 
15 738 
46 2566 
29 1285 
22 2663 
27 181 
43 2344 
51 1747 
44 2985 
30 934 
18 1644 
59 644 
45 1333 
54 2778 
20 823 
20 2330 
30 1666 
29 705 
43 2189 
51 2244 
12 157 
36 134 
12 2466 
42 2337 
13 1151 
30 410 
56 2219 
16 2683 
13 999 
20 665 
31 471 
54 2542 
46 764 
56 718 
12 2586 
23 1803 
55 88 
48 298 
16 1519 
45 60 
31 2904 
29 167 
34 2226 
59 729 
34 2660 
53 2397 
42 1738 
48 2617 
11 2184 
46 2452 
31 998 
17 2567 
47 894 
25 1694 
25 2499 
13 137 
14 2574 
15 2580 
59 503 
18 2023 
24 2052 
29 995 
49 356 
23 641 
51 1648 
54 2364 
57 2050 
40 1786 
56 2146 
39 60 
56 2232 
56 2102 
15 851 
41 603 
15 1988 
37 2571 
49 1395 
27 2179 
13 1880 
29 1993 
39 262 
16 876 
22 638 
23 2959 
45 491 
28 2131 
34 565 
44 2230 
27 264 
45 824 
13 161 
56 641 
16 1662 
31 1010 
51 2989 
12 1420 
12 1710 
57 265 
59 2659 
33 2833 
11 592 
25 927 
17 898 
16 275 
23 340 
60 1115 
11 2195 
17 2408 
17 2277 
27 1749 
27 770 
28 219 
39 166 
43 2177 
36 706 
20 677 
57 1676 
15 2805 
34 2110 
42 1438 
60 1881 
13 302 
36 1659 
19 2284 
48 477 
42 904 
56 1552 
34 725 
27 1957 
13 1893 
24 2614 
31 1662 
50 1875 
27 1215 
46 2250 
12 785 
40 2204 
48 2557 
25 1146 
50 2502 
34 2872 
17 220 
35 2231 
56 491 
49 1548 
43 1904 
22 2655 
25 2803 
41 2383 
27 217 
42 668 
13 114 
32 2791 
30 1438 
48 1862 
51 262 
45 2399 
41 859 
41 2128 
59 519 
37 1084 
32 2188 
50 339 
52 2971 
33 358 
47 1705 
36 1891 
30 1249 
41 1839 
46 2969 
12 1328 
40 136 
36 1062 
54 2707 
49 2695 
37 1215 
40 351 
15 2219 
49 96 
49 761 
16 2727 
27 1831 
30 1986 
41 650 
35 116 
28 2228 
55 1199 
24 2520 
20 709 
38 2800 
13 155 
27 1532 
15 2473 
11 1193 
30 291 
15 725 
30 2122 
17 2691 
17 337 
50 2283 
14 1310 
21 2598 
18 1226 
30 2120 
44 2047 
29 2337 
11 637 
30 2705 
19 2322 
59 29 
23 554 
15 334 
37 1012 
34 1133 
58 715 
28 2152 
34 2630 
11 1884 
15 1570 
13 2788 
27 273 
36 2817 
20 696 
34 1370 
27 1122 
60 2981 
37 2855 
26 2053 
28 689 
48 2565 
16 1305 
28 779 
46 1169 
24 2140 
48 1016 
39 706 
49 1755 
35 2550 
60 748 
31 2466 
31 21 
57 1248 
37 112 
60 1444 
13 1189 
18 260 
53 428 
48 778 
58 1052 
29 2037 
29 2548 
53 1059 
12 617 
20 1103 
26 2231 
28 936 
11 366 
45 2477 
40 2835 
30 2334 
35 2279 
53 868 
18 982 
57 2005 
45 2618 
52 2156 
25 784 
24 818 
12 1174 
30 467 
16 2839 
14 6 
17 1289 
44 1386 
35 1105 
31 2849 
45 1015 
28 793 
56 417 
57 1733 
44 838 
48 2198 
33 1453 
27 1076 
38 2286 
52 733 
36 648 
50 32 
46 923 
27 410 
39 2839 
20 114 
13 1678 
16 201 
54 1054 
43 2127 
54 2820 
36 1216 
34 2042 
52 1602 
39 1185 
44 1154 
44 424 
46 1119 
58 2954 
40 1077 
53 2490 
50 997 
27 2095 
57 612 
60 129 
50 2743 
60 1765 
19 1924 
18 602 
35 188 
48 210 
51 1674 
43 2878 
52 2331 
42 2024 
17 2976 
23 1948 
32 31 
54 2521 
54 1893 
59 1083 
46 301 
59 2946 
36 1356 
59 452 
53 388 
21 235 
21 1646 
25 1853 
36 296 
38 1734 
33 92 
43 1946 
34 2426 
26 1467 
28 1467 
59 305 
27 2747 
60 1694 
14 1148 
55 348 
46 2805 
42 596 
60 1046 
60 2777 
53 1027 
22 2667 
30 2894 
25 1943 
31 430 
19 989 
58 309 
53 1366 
15 1895 
19 1860 
52 2203 
17 1929 
20 141 
37 1161 
46 28 
50 231 
17 503 
59 2876 
59 2213 
29 419 
55 2579 
19 2242 
48 404 
20 294 
58 1018 
14 2691 
33 1712 
32 284 
12 1848 
56 390 
37 85 
30 633 
50 868 
19 1688 
41 2679 
18 75 
17 1217 
28 2144 
30 627 
50 1269 
57 1943 
19 2569 
16 282 
14 2858 
41 1999 
57 1708 
46 1218 
50 375 
47 2848 
24 2869 
38 1871 
55 2135 
47 2963 
40 2058 
49 1419 
36 2585 
23 1637 
15 1719 
28 2708 
36 1751 
19 2174 
18 1494 
53 2797 
30 179 
57 1633 
58 2874 
13 342 
18 590 
14 638 
59 1245 
18 677 
41 121 
23 1038 
49 1582 
57 766 
42 155 
51 789 
60 1033 
48 1219 
21 934 
11 1610 
17 706 
12 167 
57 2607 
16 1645 
13 563 
31 2384 
43 1985 
33 2873 
27 1869 
50 1250 
36 1280 
49 1375 
24 328 
56 1227 
21 148 
46 2419 
13 1787 
45 2499 
56 740 
54 2948 
13 464 
43 2337 
59 455 
20 367 
36 199 
26 2051 
41 1006 
37 1494 
43 722 
30 2945 
30 2908 
24 1722 
54 1948 
33 791 
48 2716 
49 1342 
41 421 
38 331 
36 239 
57 551 
50 2665 
13 2620 
32 729 
25 2355 
13 1537 
59 24 
54 2014 
57 489 
22 669 
40 1001 
46 2370 
52 1267 
50 371 
59 1017 
20 2998 
29 1399 
22 2223 
30 683 
12 186 
49 2106 
32 40 
41 517 
13 1577 
16 366 
58 2637 
26 685 
16 1059 
11 2147 
40 900 
26 2391 
59 2434 
51 910 
17 2510 
54 1960 
55 2685 
27 1417 
34 897 
45 2128 
35 290 
56 2774 
38 1211 
19 2283 
32 2761 
42 1403 
22 2297 
53 2260 
40 1933 
29 738 
52 2465 
59 1488 
59 1465 
16 2224 
23 2541 
13 2890 
42 1548 
23 460 
21 473 
54 2732 
44 1875 
44 1245 
31 1926 
17 253 
20 1377 
52 3 
51 1391 
50 341 
17 1746 
24 272 
48 1267 
21 1819 
26 175 
38 276 
58 2372 
19 1233 
56 1492 
39 2769 
29 685 
33 2330 
22 1714 
42 2902 
14 822 
55 663 
29 158 
44 1556 
36 1094 
34 2294 
28 4 
29 2267 
35 2928 
59 972 
31 328 
52 2892 
22 1464 
31 425 
38 1553 
39 633 
36 1273 
55 2644 
42 2228 
59 558 
33 1924 
11 2293 
37 2771 
19 1653 
60 2410 
37 1821 
47 1068 
24 1100 
44 1284 
37 61 
48 2555 
55 2913 
37 2340 
16 2608 
29 1106 
27 2944 
42 719 
46 2308 
50 1146 
23 891 
15 1289 
23 643 
18 2126 
55 2943 
20 971 
15 949 
35 1400 
22 1703 
51 417 
20 9 
35 1827 
14 2256 
57 2539 
25 386 
45 227 
37 1591 
27 1691 
46 1927 
27 1680 
29 1578 
60 2224 
36 526 
33 387 
38 2065 
16 537 
35 30 
25 2729 
47 2612 
27 1551 
59 303 
40 1977 
56 996 
28 1831 
34 1836 
22 2495 
23 511 
28 290 
48 2692 
37 615 
16 2184 
13 1532 
25 1570 
20 2201 
43 879 
11 1881 
43 2880 
20 778 
38 2229 
20 1853 
24 821 
57 1476 
43 416 
25 70 
19 2793 
46 2566 
36 2891 
58 1540 
20 2357 
52 344 
45 1843 
36 2120 
34 785 
57 653 
23 209 
18 1428 
39 1204 
13 64 
30 2020 
45 2078 
24 1521 
54 1492 
23 2741 
43 574 
59 1475 
27 36 
29 492 
15 2742 
39 2403 
57 1993 
21 604 
31 992 
19 675 
15 778 
56 1891 
18 2210 
23 2203 
11 2525 
55 1083 
58 2095 
19 1366 
40 577 
20 1636 
31 1190 
49 1769 
42 1001 
32 954 
52 1530 
39 398 
20 1674 
51 219 
45 403 
33 2287 
38 2067 
32 377 
21 630 
53 643 
17 1304 
38 2229 
53 668 
57 2674 
29 720 
40 1012 
59 2608 
22 2260 
43 1402 
40 220 
14 2602 
16 2083 
30 227 
20 181 
19 1554 
35 2767 
17 452 
55 2701 
32 343 
34 140 
22 353 
13 662 
22 264 
32 2297 
27 103 
26 1173 
15 2373 
15 1724 
12 66 
16 1160 
31 782 
38 2179 
46 624 
39 57 
26 1605 
56 2027 
19 2050 
48 2621 
26 2961 
29 1682 
24 1784 
14 120 
18 461 
55 1459 
38 1803 
30 2849 
44 1247 
37 1169 
30 1258 
35 187 
22 1772 
23 2170 
32 2253 
52 487 
25 1410 
30 2980 
55 2726 
11 2053 
48 2646 
23 1415 
58 833 
23 1383 
41 642 
12 1653 
59 776 
49 2112 
60 1404 
41 721 
18 775 
19 572 
44 1430 
14 81 
15 1354 
45 1692 
59 347 
17 2798 
39 1721 
41 962 
24 1084 
24 1964 
21 1452 
35 2110 
17 2708 
42 1214 
44 2092 
48 17 
32 41 
59 1676 
56 2933 
30 97 
40 1178 
54 1810 
60 1426 
31 2964 
19 2384 
39 1720 
48 706 
41 1394 
23 1363 
20 1598 
14 2097 
24 1327 
49 2415 
13 1586 
57 1074 
42 2626 
11 1928 
48 2500 
15 1558 
25 214 
54 2094 
45 2481 
59 817 
36 563 
39 1537 
20 2985 
43 1125 
21 473 
49 1665 
19 238 
48 1092 
25 2340 
29 2002 
50 724 
22 1654 
49 2205 
59 925 
47 1249 
51 614 
23 1272 
11 1674 
16 135 
11 2918 
20 689 
43 370 
38 1672 
21 1493 
22 1480 
56 2851 
15 1757 
16 1195 
23 307 
29 701 
15 1211 
27 1070 
44 817 
53 1089 
13 2893 
19 2614 
44 293 
43 2211 
24 1444 
15 2975 
35 1901 
37 181 
17 2385 
35 2322 
51 845 
32 1597 
17 2040 
26 2241 
18 2761 
41 1511 
15 2039 
34 1290 
41 1459 
11 1295 
12 1907 
31 528 