400
600
108 487 
46 695 
69 145 
45 262 
28 860 
25 963 
131 873 
148 409 
172 606 
61 351 
157 469 
76 817 
129 559 
97 619 
48 294 
190 887 
190 168 
143 591 
74 568 
62 481 
189 667 
53 699 
101 733 
117 253 
100 909 
165 637 
139 220 
63 848 
189 692 
28 568 
195 349 
17 116 
78 739 
116 883 
68 558 
173 436 
186 158 
97 818 
52 593 
80 283 
64 24 
129 582 
206 724 
191 726 
25 950 
103 751 
61 451 
76 518 
200 572 
11 847 
91 115 
45 408 
34 121 
35 217 
75 647 
110 270 
32 770 
14 617 
103 336 
152 259 
96 987 
19 936 
199 875 
15 978 
208 557 
187 630 
34 163 
47 647 
45 613 
26 699 
69 67 
131 281 
46 524 
59 329 
69 943 
149 496 
91 948 
193 69 
184 588 
209 323 
106 927 
162 519 
99 340 
128 723 
162 733 
183 563 
209 93 
53 986 
178 443 
124 827 
195 253 
132 665 
162 457 
96 725 
54 484 
57 539 
20 350 
20 850 
99 927 
182 992 
21 696 
164 161 
151 748 
156 108 
201 460 
96 927 
74 960 
202 967 
26 29 
53 811 
122 89 
111 273 
200 110 
132 478 
198 45 
31 398 
102 375 
168 232 
84 704 
102 664 
125 977 
201 930 
98 534 
106 703 
124 938 
123 425 
188 566 
107 167 
85 170 
206 63 
24 816 
22 305 
152 370 
99 16 
35 580 
89 939 
118 621 
78 196 
116 763 
60 419 
62 115 
205 429 
90 243 
157 706 
22 942 
130 625 
167 932 
92 651 
63 170 
76 77 
111 696 
177 8 
79 586 
165 174 
158 805 
155 751 
129 491 
189 950 
144 125 
65 145 
28 775 
132 526 
68 755 
186 710 
134 841 
148 24 
147 504 
193 205 
99 938 
140 788 
104 26 
148 364 
127 68 
123 602 
202 967 
156 961 
103 219 
96 150 
183 662 
21 248 
112 348 
33 390 
61 6 
156 291 
105 28 
88 388 
63 967 
161 921 
44 415 
132 577 
143 620 
147 826 
48 375 
137 163 
46 538 
20 889 
95 33 
89 88 
200 576 
188 684 
13 808 
33 8 
136 525 
138 512 
149 802 
98 671 
31 977 
58 610 
113 175 
134 738 
74 534 
36 300 
128 256 
197 307 
42 117 
152 786 
86 764 
203 401 
50 73 
122 578 
84 352 
210 646 
90 448 
17 382 
184 731 
81 37 
74 448 
146 533 
114 75 
201 887 
153 532 
82 818 
57 817 
180 286 
51 834 
25 114 
147 814 
121 568 
23 717 
159 586 
57 771 
184 62 
28 662 
204 921 
98 784 
169 630 
77 183 
209 665 
161 368 
160 591 
11 516 
66 737 
140 166 
114 294 
44 604 
42 681 
184 557 
104 944 
28 688 
74 305 
33 375 
96 490 
167 84 
164 907 
62 456 
59 4 
181 904 
103 652 
79 748 
156 654 
162 529 
144 77 
95 428 
30 303 
77 236 
169 289 
172 597 
140 870 
90 636 
186 483 
53 976 
97 413 
89 579 
27 299 
136 714 
162 29 
52 638 
68 326 
27 829 
190 883 
74 291 
133 25 
97 5 
104 566 
202 21 
59 434 
158 535 
208 226 
75 614 
86 142 
89 180 
181 920 
27 980 
208 233 
18 577 
77 872 
77 341 
58 753 
155 494 
129 688 
76 719 
131 566 
15 671 
201 69 
94 19 
172 315 
208 732 
44 366 
121 831 
160 871 
170 416 
152 626 
118 341 
189 805 
196 49 
102 404 
177 613 
179 371 
93 111 
201 918 
139 352 
194 678 
46 818 
53 498 
210 992 
178 759 
169 461 
147 867 
164 115 
81 691 
125 162 
104 633 
136 414 
13 760 
135 145 
40 5 
58 613 
93 635 
40 77 
95 782 
79 852 
102 827 
75 628 
103 170 
104 363 
70 608 
87 306 
50 2 
81 594 
172 595 
100 791 
162 938 
165 634 
134 537 
72 408 
128 130 
22 209 
167 276 
199 1 
207 282 
126 656 
100 592 
123 481 
155 384 
85 58 
140 164 
210 281 
63 955 
76 377 
101 328 
194 808 
19 395 
178 117 
32 908 
128 818 
200 185 
36 431 
138 138 
121 72 
83 985 
92 203 
159 681 
45 953 
45 453 
139 477 
190 113 
46 588 
69 356 
115 881 
73 174 
108 452 
168 523 
92 837 
23 793 
118 237 
187 389 
201 277 
32 626 
40 408 
88 910 
95 209 
32 872 
158 881 
37 204 
123 490 
187 810 
103 86 
95 175 
132 49 
129 182 
95 447 
132 76 
86 695 
63 305 
113 482 
176 339 
100 588 
20 837 
30 437 
203 932 
88 121 
103 570 
169 777 
154 480 
187 414 
23 462 
71 287 
99 936 
191 941 
202 83 
32 157 
183 463 
106 983 
61 915 
181 43 
208 48 
174 291 
27 722 
29 713 
163 596 
136 918 
19 338 
14 649 
83 184 
199 864 
29 362 
183 391 
186 468 
183 826 
145 495 
79 284 
152 384 
184 159 
67 345 
33 9 
102 700 
136 52 
48 481 
110 310 
75 640 
136 283 
163 250 
35 528 
127 750 
163 803 
54 573 
97 786 
118 12 
106 764 
166 870 
183 999 
179 50 
12 606 
93 101 
78 547 
102 793 
191 444 
204 205 
133 110 
164 28 
123 550 
210 999 
145 908 
20 982 
33 718 
61 147 
78 419 
159 470 
35 431 
132 644 
187 14 
198 509 
19 181 
75 484 
100 371 
121 554 
130 462 
114 606 
131 266 
197 744 
145 437 
100 402 
17 438 
33 231 
78 145 
36 196 
120 13 
114 670 
203 121 
163 835 
101 15 
150 410 
87 644 
177 197 
71 953 
102 595 
151 534 
158 947 
181 571 
140 191 
77 755 
196 928 
178 442 
207 312 
124 102 
156 404 
126 886 
175 944 
91 531 
103 141 
45 784 
97 575 
127 434 
131 640 
166 50 
40 774 
15 567 
111 924 
170 650 
45 273 
161 733 
38 218 
180 192 
172 850 
84 654 
152 908 
199 428 
92 458 
23 355 
59 921 
14 630 
104 560 
206 395 
93 908 
206 70 
142 146 
12 560 
125 771 
113 876 
182 529 
91 665 
198 22 
54 270 
89 656 
186 927 
186 379 
166 270 
149 103 
26 421 
172 411 
100 246 
118 643 
15 622 
175 259 
60 736 
149 82 
210 927 
113 195 
158 933 
61 523 
21 778 
63 118 
209 191 
183 414 
174 934 
186 805 
189 83 
210 335 
67 564 
156 906 