100
5000
13 1801 
24 2060 
28 1755 
40 2359 
31 10 
53 1798 
38 1250 
41 1550 
30 2381 
60 744 
43 1645 
33 1790 
38 1776 
46 951 
20 2225 
37 1664 
37 92 
33 1944 
56 654 
15 2517 
25 1297 
26 2642 
58 946 
54 1769 
36 1793 
22 1510 
49 386 
11 1817 
22 1738 
29 1323 
23 647 
46 2691 
49 1060 
45 2936 
24 289 
12 2728 
47 1469 
32 2187 
24 1265 
15 91 
19 819 
60 1550 
14 2250 
28 717 
50 1188 
49 2302 
44 2376 
52 2924 
46 978 
20 2501 
28 2663 
40 555 
42 2301 
51 897 
27 1047 
48 1678 
25 2587 
39 421 
49 1296 
47 528 
43 176 
41 1668 
13 2524 
52 338 
14 1803 
48 2471 
25 2418 
37 2596 
30 469 
55 339 
26 1832 
26 732 
30 2946 
12 1310 
51 2289 
49 1075 
26 2721 
54 2718 
57 2037 
18 450 
49 597 
30 2656 
26 649 
13 2436 
27 447 
36 2984 
38 2493 
26 1400 
48 2219 
19 1030 
17 1898 
16 1674 
28 2549 
52 1214 
46 2151 
25 2776 
57 2287 
41 113 
45 2386 
60 1403 
42 25 
47 2462 
27 2454 
21 2306 
32 569 
45 531 
28 2790 
14 1788 
48 947 
13 1275 
57 2368 
13 2844 
14 1185 
18 1940 
30 207 
52 754 
43 2080 
25 451 
43 1075 
16 557 
55 90 
47 1813 
41 290 
12 2920 
47 1304 
57 1685 
33 2949 
40 2676 
45 2187 
27 2407 
55 2309 
20 679 
50 374 
39 273 
60 884 
39 794 
35 1915 
18 1907 
16 909 
37 792 
23 373 
39 235 
33 1708 
23 2157 
55 2229 
23 639 
49 1722 
28 629 
57 2798 
13 1246 
44 2433 
50 2710 
59 1997 
27 1254 
16 443 
58 2470 
27 2226 
14 2191 
43 318 
57 2179 
57 262 
30 1787 
45 1839 
25 2134 
46 1019 
39 21 
11 2770 
41 2501 
29 1347 
15 2376 
51 504 
55 307 
41 1900 
57 1365 
28 1195 
54 1764 
18 713 
12 1495 
13 317 
38 1538 
47 1358 
19 2490 
38 1641 
50 246 
47 96 
31 2479 
59 1817 
45 679 
26 2633 
56 2933 
39 2939 
58 339 
13 2950 
43 905 
28 2460 
54 2304 
29 1704 
53 2296 
54 783 
53 330 
38 2513 
20 1829 
41 2944 
19 2397 
38 2254 
39 1459 
54 1377 
57 546 
38 981 
60 2295 
50 1596 
58 1960 
59 743 
16 643 
37 1148 
34 106 
23 1484 
44 2693 
39 2145 
51 2059 
60 1770 
27 1294 
58 2665 
51 2175 
55 641 
31 1436 
48 770 
55 2886 
22 1650 
38 740 
60 2204 
56 1514 
47 131 
18 2817 
37 999 
35 1377 
30 2743 
30 969 
17 1860 
55 51 
12 2315 
46 2791 
46 1881 
37 1948 
42 556 
49 1383 
19 884 
56 797 
27 1806 
24 993 
16 2840 
31 275 
43 2742 
53 1989 
14 2089 
52 1805 
13 877 
58 1838 
19 1624 
47 1343 
39 1176 
37 2290 
21 325 
48 1129 
40 1403 
32 2285 
53 2194 
21 1177 
46 1505 
27 889 
53 2908 
53 1995 
47 1992 
44 1597 
25 2673 
51 146 
60 368 
47 610 
52 224 
51 173 
37 1564 
17 221 
17 2719 
59 2692 
33 2265 
40 1815 
35 625 
21 661 
26 2344 
19 231 
26 2900 
38 215 
27 514 
37 1310 
47 267 
42 2715 
42 1290 
47 2938 
18 2035 
40 2230 
12 209 
56 1176 
45 2556 
48 801 
59 1796 
41 1267 
57 2110 
43 2665 
33 9 
34 711 
37 2807 
38 160 
56 1064 
58 2455 
11 79 
46 2454 
47 431 
41 1472 
48 168 
34 2589 
25 1006 
15 1362 
25 2687 
36 2737 
58 2000 
57 1026 
18 1224 
46 254 
50 1635 
20 442 
23 2096 
55 2351 
38 875 
32 216 
54 797 
14 708 
12 1010 
29 1916 
58 447 
14 1447 
58 2451 
33 1955 
36 1010 
20 1017 
54 2620 
20 1708 
27 1704 
18 2296 
40 2232 
23 1323 
38 18 
43 1830 
37 1803 
55 2427 
59 2749 
33 2046 
11 697 
13 928 
16 912 
57 1701 
43 1106 
18 2949 
22 1466 
57 91 
59 2459 
26 1076 
37 1148 
17 855 
60 1002 
41 2551 
12 1154 
58 1004 
60 300 
43 908 
22 1579 
20 2094 
47 368 
55 198 
45 1991 
48 233 
59 2405 
20 1277 
12 1917 
42 854 
30 2764 
14 1723 
29 2351 
36 119 
13 2360 
38 1214 
51 1337 
19 1327 
16 53 
34 1240 
53 2163 
34 844 
28 836 
30 2471 
12 1603 
34 373 
27 1079 
55 2987 
42 2172 
15 784 
41 1834 
59 2821 
31 7 
59 2578 
22 22 
28 2806 
47 2993 
59 1104 
40 121 
36 1283 
33 1602 
15 441 
40 1101 
38 813 
32 884 
56 2155 
30 944 
37 240 
13 826 
27 1714 
59 986 
29 1087 
41 2520 
52 2862 
50 468 
55 1714 
29 151 
15 2100 
12 2934 
23 1875 
29 1860 
41 1238 
14 708 
39 1458 
45 1998 
33 435 
45 2393 
34 1665 
22 1415 
39 1551 
42 23 
27 1302 
35 123 
12 1776 
16 314 
13 1576 
33 2383 
24 2328 
52 1642 
47 2678 
49 1659 
25 974 
12 2338 
50 315 
12 1868 
26 2634 
52 2834 
47 2767 
16 1688 
54 363 
13 2896 
48 1526 
39 1751 
15 72 
55 2342 
60 1735 
12 214 
18 2403 
11 50 
28 654 
29 1935 
49 1511 
28 1926 
39 2075 
23 522 
47 2966 
28 1374 
53 48 
35 47 
31 1221 
50 220 
15 1092 
45 15 
56 687 
24 915 
51 2684 
59 1979 
56 1968 
14 174 
52 1869 
56 830 
46 1465 
14 1380 
24 2680 
36 2334 
60 1518 
16 854 
19 690 
30 806 
39 1283 
31 69 
29 1569 
59 2864 
49 655 
48 2282 
35 1085 
22 2060 
11 2667 
49 1764 
56 2216 
59 245 
45 1706 
60 693 
56 2670 
59 1476 
14 219 
56 2622 
49 1294 
48 379 
60 2875 
23 2174 
21 124 
45 1211 
50 2375 
36 2487 
53 2126 
43 27 
42 1884 
32 579 
13 2922 
14 209 
50 949 
42 2630 
54 19 
21 1894 
55 373 
29 1555 
58 356 
27 989 
40 794 
35 1672 
30 557 
11 751 
50 122 
39 1345 
53 382 
15 534 
42 2086 
25 1275 
17 875 
30 53 
59 2291 
20 2446 
56 2076 
46 2727 
30 1612 
59 141 
30 801 
51 2312 
32 2219 
16 964 
12 2912 
57 1633 
59 2011 
19 1805 
48 1131 
20 1836 
31 1169 
44 418 
56 2771 
54 817 
43 1894 
17 902 
54 1847 
23 615 
27 1220 
40 1720 
41 426 
12 480 
49 963 
46 378 
55 1845 
25 2865 
23 1550 
42 609 
31 425 
35 2703 
31 2382 
14 2364 
40 817 
39 349 
46 1908 
28 519 
46 2772 
58 2826 
44 985 
15 178 
40 119 
54 194 
31 1027 
14 341 
13 2579 
53 1473 
22 998 
47 1243 
26 1167 
51 1554 
36 659 
32 111 
40 421 
48 1515 
15 842 
54 1234 
23 2437 
38 333 
25 2581 
35 2617 
21 1419 
50 2174 
26 2278 
27 1934 
54 2359 
47 869 
29 2558 
42 1150 
40 1619 
24 1734 
23 2059 
28 1125 
57 1747 
19 2661 
39 2833 
38 1542 
11 719 
25 1018 
56 1483 
13 439 
54 789 
19 1562 
58 2990 
24 1027 
19 2727 
21 1773 
48 80 
57 984 
38 2057 
57 856 
51 274 
59 843 
54 816 
22 1339 
58 2515 
39 843 
13 787 
17 1353 
37 2820 
41 2737 
58 2491 
19 2035 
32 1405 
31 2099 
23 1367 
17 53 
50 407 
57 2983 
32 458 
33 520 
32 801 
24 627 
47 1470 
39 2715 
49 1709 
11 1187 
12 959 
31 1473 
25 591 
34 527 
17 1582 
41 948 
48 2177 
42 210 
45 306 
41 2958 
16 2794 
44 45 
26 2914 
19 2904 
33 2562 
50 526 
30 1663 
60 235 
15 273 
23 1914 
16 2044 
23 1546 
32 1495 
17 1558 
12 187 
26 258 
42 2099 
14 1947 
23 764 
11 987 
35 292 
22 845 
16 861 
39 1911 
46 2543 
36 1043 
46 1388 
48 510 
44 1694 
27 2386 
42 582 
55 2564 
43 648 
22 2397 
21 1064 
43 1736 
18 2246 
42 1013 
18 1362 
35 2295 
14 1450 
48 2842 
48 277 
11 71 
31 2417 
18 1554 
11 2802 
29 383 
11 331 
39 2212 
56 161 
59 453 
18 1582 
28 215 
53 2092 
20 846 
52 199 
49 731 
35 1389 
11 2797 
18 961 
11 1508 
22 171 
50 1563 
13 1668 
36 2599 
40 2424 
13 1937 
17 2220 
13 1299 
22 2364 
56 2205 
22 535 
45 37 
35 1087 
43 432 
57 1535 
49 2809 
16 1180 
33 2910 
59 2848 
18 2378 
33 263 
26 979 
42 1521 
39 1145 
44 2124 
11 446 
20 635 
44 2285 
32 1018 
26 1120 
15 2007 
40 1962 
48 2 
31 737 
11 1379 
26 175 
53 2484 
13 1474 
14 1133 
31 2239 
17 671 
46 266 
18 869 
60 731 
49 2618 
60 2143 
36 130 
14 2513 
41 2974 
11 684 
14 1067 
18 696 
12 2363 
32 2257 
55 2844 
55 751 
26 1883 
29 2523 
11 1270 
13 2341 
49 2103 
43 214 
44 2938 
39 2714 
24 1031 
59 2319 
59 1607 
25 350 
29 2888 
16 1463 
41 1453 
26 596 
45 934 
31 437 
13 723 
38 442 
37 1612 
17 2760 
12 1437 
36 2165 
28 574 
43 2268 
42 1849 
28 500 
46 2575 
25 1818 
39 1880 
26 1713 
25 236 
12 2719 
20 2631 
22 1487 
52 1871 
56 143 
17 1423 
19 126 
57 1142 
56 1528 
52 2715 
40 2430 
49 2046 
57 668 
35 1364 
42 1441 
11 2585 
21 261 
25 2023 
57 809 
53 344 
13 1551 
29 962 
39 1115 
15 2126 
54 2796 
50 2725 
35 1128 
30 824 
57 46 
47 2231 
46 1490 
27 2997 
60 1382 
31 848 
52 615 
53 1196 
27 661 
17 1897 
37 1963 
32 2121 
21 2861 
55 1335 
51 615 
20 839 
22 2049 
31 2498 
48 2588 
56 2287 
31 2568 
46 862 
42 2028 
17 50 
49 1566 
57 1815 
38 320 
47 2990 
41 484 
35 1873 
60 1186 
21 2461 
44 132 
20 771 
29 2155 
19 1391 
34 894 
12 2607 
32 1660 
17 2962 
35 1955 
36 1105 
34 415 
54 2806 
58 2770 
38 2347 
16 1741 
17 1189 
32 1117 
22 1942 
33 2720 
42 2697 
24 2935 
15 887 
54 2311 
58 1819 
25 2975 
35 891 
49 1368 
56 1286 
48 2374 
42 2445 
24 2791 
45 337 
17 296 
40 1881 
28 313 
39 981 
57 1584 
29 2192 
54 418 
22 2511 
52 1636 
11 781 
16 1096 
28 1845 
31 50 
49 2286 
52 2273 
32 1098 
31 2603 
40 288 
25 2259 
30 513 
52 838 
17 2087 
15 1418 
59 1646 
16 2349 
38 1113 
57 2196 
17 1969 
57 1597 
15 140 
29 1228 
47 789 
41 1566 
38 1097 
36 47 
22 2017 
44 2370 
16 2490 
49 404 
48 1544 
15 1617 
16 901 
24 2964 
31 760 
20 1475 
59 2429 
15 2487 
29 1237 
15 1997 
45 2580 
53 1998 
59 279 
27 404 
30 2506 
17 1607 
11 911 
34 1057 
23 1739 
30 2384 
11 2932 
20 749 
20 1264 
48 280 
12 2344 
38 2537 
35 2023 
44 1223 
13 253 
38 2772 
18 137 
41 1158 
57 2306 
26 562 
54 938 
55 894 
29 1506 
55 580 
32 2934 
19 2973 
37 839 
21 1903 
21 1747 
38 2513 
59 2455 
46 1756 
51 1366 
25 990 
31 2831 
11 2067 
28 1847 
20 1988 
14 2306 
27 825 
49 777 
60 1867 
25 1010 
30 1475 
16 1247 
49 2106 
13 975 
23 996 
52 1478 
45 715 
20 887 
41 2427 
45 92 
24 788 
58 1332 
23 1636 
18 114 
13 723 
33 1624 
57 1231 
30 888 
46 1274 
22 1549 
29 1553 
38 1605 
27 2037 
53 2399 
25 2927 
51 580 
25 1888 
21 2679 
35 1018 
52 1729 
50 1266 
12 1289 
58 573 
36 184 
57 1389 
44 1467 
53 2813 
32 2912 
59 2914 
20 663 
53 2152 
52 907 
49 504 
47 2266 
31 728 
54 261 
55 1346 
11 2193 
28 1428 
38 1116 
26 2163 
45 460 
35 6 
31 823 
31 33 
47 463 
46 430 
31 927 
43 2657 
52 2453 
46 1185 
25 81 
42 2317 
33 2152 
54 2352 
27 911 
24 201 
31 488 
18 2093 
22 1181 
37 850 
55 2013 
39 716 
49 2563 
34 130 
27 1812 
26 2784 
54 1548 
60 1868 
11 2844 
29 1317 
14 2732 
30 2476 
29 2779 
29 2232 
21 1045 
41 306 
19 1711 
33 347 
33 2448 
38 991 
19 2494 
34 502 
53 2874 
29 2443 
29 587 
21 1174 
30 332 
60 888 
23 2570 
29 1773 
26 551 
38 1375 
21 802 
33 885 
60 2901 
36 1860 
54 2649 
22 1138 
34 2082 
40 2942 
31 1690 
28 690 
34 2117 
40 2836 
48 2400 
18 3 
11 1038 
37 2211 
49 450 
58 2440 
12 2323 
60 447 
33 1013 
44 2197 
54 2163 
50 466 
14 957 
16 577 
35 85 
24 2462 
46 2372 
25 2786 
21 1193 
59 2599 
54 2796 
51 2695 
30 690 
51 1792 
14 2076 
50 2499 
48 830 
25 2794 
48 1472 
32 2915 
18 1486 
36 1743 
19 2192 
39 1969 
47 1229 
29 82 
34 1309 
37 493 
60 269 
46 1403 
55 976 
12 934 
15 1218 
39 1294 
49 1801 
18 1596 
48 936 
48 2198 
37 2218 
26 1215 
56 436 
57 1821 
55 1425 
25 1094 
53 2301 
59 1389 
36 750 
35 2432 
29 753 
35 2007 
15 2285 
14 894 
30 1291 
51 698 
21 1608 
23 1306 
56 209 
39 1140 
43 143 
45 677 
53 2785 
28 70 
44 2092 
11 204 
56 578 
20 101 
22 163 
56 433 
16 1437 
40 2666 
56 42 
33 2791 
12 1801 
42 2586 
56 1219 
25 2090 
13 32 
20 1889 
35 1660 
52 2670 
49 1654 
30 2802 
26 1116 
44 621 
14 1364 
48 651 
17 1961 
54 2711 
23 2075 
56 760 
55 2910 
60 1648 
53 2009 
48 2767 
30 331 
47 609 
44 2558 
20 800 
35 644 
32 1280 
19 2410 
43 1467 
32 76 
37 186 
12 825 
56 147 
46 795 
56 1731 
15 385 
57 1174 
25 1285 
42 2699 
55 2544 
58 2571 
49 2621 
13 249 
40 485 
25 1103 
20 244 
51 413 
30 2586 
21 2857 
42 408 
47 1238 
52 436 
21 1507 
32 1545 
17 266 
48 2406 
49 1978 
36 1391 
36 1408 
35 1292 
20 2786 
47 1502 
58 306 
49 1109 
25 2522 
26 2101 
19 2660 
46 170 
28 1960 
26 74 
35 153 
39 2765 
42 1504 
15 1707 
21 381 
60 2773 
26 2237 
34 716 
54 65 
36 408 
46 1043 
21 345 
12 2396 
26 2219 
15 2931 
52 932 
45 1770 
56 2916 
36 2203 
34 888 
43 2323 
20 2749 
19 2286 
26 1805 
12 2991 
22 2287 
43 2072 
43 1735 
30 848 
13 526 
38 597 
19 1564 
28 2505 
39 343 
19 804 
41 1641 
37 2242 
51 2037 
39 2556 
51 1580 
56 405 
29 579 
36 1201 
23 1647 
59 617 
33 178 
25 981 
52 1283 
47 572 
37 2895 
36 559 
48 1854 
11 628 
52 2031 
44 2083 
23 2729 
47 2181 
19 2314 
41 323 
21 2781 
52 485 
19 2856 
25 2052 
48 2654 
35 467 
60 1702 
35 1787 
15 825 
25 1797 
18 2598 
41 1170 
38 1069 
12 337 
42 1434 
21 1694 
25 2302 
38 1525 
18 995 
38 647 
58 902 
23 547 
14 2138 
46 510 
24 2100 
16 521 
59 888 
52 2078 
16 2743 
26 2690 
37 777 
43 2743 
38 561 
27 2235 
15 2546 
44 2554 
57 1346 
12 402 
43 137 
22 1149 
46 569 
29 1636 
17 711 
24 764 
15 479 
13 1981 
15 2188 
35 1685 
60 693 
31 2006 
48 1504 
19 1037 
60 2362 
48 684 
59 2701 
42 2086 
30 853 
32 2078 
25 1435 
51 2719 
25 646 
12 872 
45 1126 
18 284 
29 1178 
49 2408 
42 1199 
54 2883 
20 2234 
28 410 
44 102 
56 2555 
16 217 
42 220 
13 1825 
50 1619 
32 2693 
50 6 
29 2397 
51 2989 
37 281 
58 960 
39 192 
52 2390 
37 2111 
60 1710 
22 2295 
25 517 
23 248 
48 1865 
32 1378 
45 2245 
30 325 
12 2240 
33 242 
40 1351 
32 2328 
20 2352 
31 151 
52 2647 
24 1893 
18 1825 
47 324 
54 1401 
32 781 
25 2995 
20 1099 
52 580 
35 2193 
31 2200 
45 2751 
60 2956 
40 2860 
18 2652 
22 1401 
60 2975 
53 1357 
12 1831 
43 1845 
41 2604 
37 847 
60 2487 
55 2541 
28 1072 
44 940 
33 1168 
52 1172 
35 471 
43 782 
34 2097 
44 123 
33 2826 
42 1574 
16 864 
30 1886 
29 747 
42 768 
45 2029 
21 1354 
60 2394 
53 1074 
23 335 
55 2739 
17 980 
31 1983 
36 54 
15 2498 
42 936 
34 1887 
11 2193 
33 2969 
51 856 
49 875 
44 1749 
40 335 
54 1873 
18 2758 
19 1005 
56 1067 
46 368 
59 2411 
34 2506 
20 1005 
53 1035 
51 2944 
38 1015 
24 870 
31 1704 
57 2106 
12 1676 
51 2297 
60 1200 
14 458 
16 1902 
37 1891 
29 2277 
13 42 
42 913 
58 2927 
57 1289 
32 2526 
15 485 
56 1877 
49 2492 
45 2992 
27 1127 
51 2067 
36 2046 
36 1882 
57 2104 
32 568 
41 2425 
19 162 
49 2007 
50 2987 
57 661 
25 653 
56 260 
42 686 
13 1216 
39 1621 
52 669 
49 2019 
25 1267 
60 1013 
30 2024 
40 1750 
60 2541 
24 2840 
59 2703 
36 2545 
24 2690 
59 1861 
11 430 
58 755 
57 1278 
38 1338 
57 1118 
17 2013 
44 1608 
37 2754 
41 1957 
15 2782 
57 1470 
31 395 
35 2447 
51 1888 
48 1191 
60 141 
33 1349 
57 969 
36 974 
17 1924 
52 15 
46 1827 
34 1665 
42 2605 
31 1139 
48 2469 
18 2359 
25 1132 
17 505 
31 1996 
57 1822 
48 1019 
30 735 
48 2796 
20 1646 
31 1503 
22 359 
40 985 
33 2613 
51 2643 
11 679 
21 359 
49 2677 
52 2545 
41 2213 
52 2579 
44 1380 
58 1556 
24 2937 
13 1173 
44 773 
38 945 
41 357 
41 153 
31 222 
57 1072 
12 2609 
40 1640 
45 271 
46 2817 
45 427 
56 1221 
16 345 
36 1271 
41 1830 
56 2214 
12 2823 
20 1085 
41 2790 
47 851 
23 1384 
32 1966 
54 703 
17 629 
36 2492 
55 1512 
31 2840 
42 2428 
46 2859 
59 816 
48 494 
41 1290 
28 890 
34 1198 
42 962 
60 1746 
57 1674 
22 1041 
36 1668 
29 1053 
20 2465 
25 1782 
17 2296 
19 192 
17 1907 
18 1194 
12 1740 
45 419 
42 2208 
28 1013 
32 1368 
18 218 
51 469 
20 2768 
47 630 
31 648 
55 385 
41 2751 
42 989 
54 2538 
56 1653 
42 2999 
53 566 
28 374 
36 2737 
46 999 
14 1495 
28 1496 
26 178 
24 1804 
17 2084 
11 1253 
30 2583 
15 2851 
31 1649 
51 818 
11 824 
27 693 
51 1586 
26 1866 
32 2803 
26 2426 
60 1784 
31 965 
21 2536 
28 119 
31 2570 
32 1790 
12 78 
53 2722 
36 1733 
52 2027 
18 1708 
31 1648 
53 1489 
26 1614 
51 1081 
51 292 
24 2664 
16 2176 
59 1375 
57 1170 
54 1370 
21 447 
57 2303 
31 173 
47 1412 
11 1646 
29 2621 
54 763 
21 1511 
36 104 
51 1119 
55 2807 
42 2003 
44 332 
37 2332 
13 1673 
11 2516 
29 2500 
30 2639 
34 909 
12 2574 
14 1520 
56 199 
44 1007 
19 2362 
20 1652 
40 1856 
20 1613 
18 1495 
56 1235 
37 1149 
17 1527 
26 2377 
38 185 
28 1401 
53 769 
34 647 
49 872 
55 2274 
40 2906 
45 339 
17 2114 
54 366 
36 404 
22 374 
48 38 
34 1896 
27 2889 
32 294 
33 639 
55 1166 
18 20 
24 1048 
51 360 
31 120 
25 2308 
20 1821 
31 356 
48 2499 
19 1750 
32 2748 
49 1745 
53 1055 
43 266 
59 2057 
17 395 
32 16 
24 2737 
25 1305 
57 2087 
36 361 
54 2586 
44 2815 
51 2423 
25 699 
34 2536 
58 663 
42 2440 
27 616 
15 417 
32 1313 
21 246 
38 1225 
42 2742 
41 430 
39 1656 
51 222 
51 676 
46 1533 
58 2700 
43 1622 
47 380 
44 1570 
31 1352 
45 228 
29 1857 
50 2931 
14 2868 
17 2435 
19 1387 
27 1437 
55 1007 
19 1987 
44 2046 
30 2483 
58 454 
14 2036 
44 739 
16 1356 
53 2790 
43 1563 
58 123 
53 1451 
52 3000 
48 2950 
48 1454 
49 2132 
22 397 
29 1845 
54 1990 
37 2243 
53 2783 
39 628 
33 1884 
44 315 
35 918 
39 1023 
52 722 
33 1733 
33 1062 
43 2810 
25 421 
54 2326 
29 764 
32 1314 
13 201 
17 2547 
43 1835 
35 1207 
30 2510 
34 94 
39 1102 
28 2171 
33 1293 
13 247 
14 2937 
19 2221 
17 2702 
56 1877 
25 420 
53 569 
30 1099 
25 602 
45 641 
18 1706 
12 1033 
11 1281 
45 619 
11 1309 
23 1353 
16 1616 
52 1964 
46 1998 
27 2734 
37 2481 
13 1769 
59 772 
29 515 
35 503 
16 884 
20 1657 
27 1710 
47 1051 
38 739 
19 1590 
54 1266 
18 1085 
41 1745 
44 2597 
38 1660 
37 1982 
40 2477 
13 998 
52 1477 
12 1499 
21 1411 
15 1629 
33 444 
39 2800 
42 2389 
52 977 
17 2651 
21 1587 
55 2495 
44 225 
16 612 
16 2638 
49 2311 
47 432 
49 191 
40 851 
11 2436 
39 2073 
41 2509 
35 1413 
58 1318 
51 256 
30 1802 
52 66 
58 25 
50 505 
49 2848 
52 1077 
18 1481 
20 648 
31 1141 
59 623 
38 977 
58 1159 
46 2624 
33 2735 
51 2663 
50 2612 
24 1831 
37 463 
18 319 
28 196 
28 1461 
34 2675 
53 835 
32 1963 
35 2172 
46 2902 
59 2633 
20 986 
18 982 
30 900 
57 1061 
21 2460 
51 539 
35 2450 
17 1594 
55 1374 
16 1620 
60 699 
14 2074 
21 1780 
55 2598 
42 1745 
42 93 
40 2189 
37 449 
48 2423 
19 950 
44 1752 
49 2860 
13 2697 
13 1198 
33 1859 
29 2822 
19 2623 
57 2921 
12 844 
31 435 
48 2452 
40 2318 
53 2306 
28 2432 
40 1979 
44 1665 
42 2222 
35 2634 
30 2977 
43 692 
47 1352 
24 2095 
36 112 
28 79 
15 2238 
26 543 
51 1745 
22 1033 
12 329 
27 833 
19 1550 
57 740 
33 1021 
34 392 
60 1908 
44 536 
19 1949 
43 1936 
20 2350 
25 15 
49 232 
19 979 
36 1120 
22 729 
60 180 
21 1459 
39 1409 
60 203 
40 275 
54 779 
43 1677 
26 2793 
35 1648 
41 37 
59 1095 
11 287 
36 1311 
26 653 
40 629 
43 1581 
20 645 
51 2888 
13 2941 
52 1482 
27 1035 
22 101 
24 1278 
56 688 
37 2326 
36 1978 
32 1126 
24 2449 
46 881 
11 2217 
21 1833 
60 20 
39 1540 
17 1881 
42 700 
25 2399 
45 326 
11 1798 
15 96 
47 2232 
31 913 
21 192 
50 824 
50 2178 
17 92 
56 917 
36 2895 
47 2104 
45 1195 
45 266 
55 1699 
26 629 
36 2867 
38 1331 
22 2966 
24 2735 
38 2474 
36 620 
59 2918 
57 2705 
19 1894 
32 2285 
49 1558 
48 575 
12 2372 
52 1646 
32 1208 
36 798 
36 2403 
38 1739 
29 393 
33 598 
28 1751 
29 866 
28 1365 
31 1676 
21 1544 
22 2399 
11 2700 
33 204 
33 1164 
12 845 
33 1827 
54 1500 
42 1473 
51 1302 
25 2063 
11 2082 
25 820 
59 2832 
46 869 
20 146 
24 171 
54 2864 
30 2868 
30 2645 
44 2621 
49 1458 
57 2482 
18 380 
14 548 
41 170 
22 1284 
13 1127 
13 2901 
20 1638 
32 169 
44 885 
50 1679 
11 561 
57 1520 
15 282 
50 1045 
49 2938 
38 2048 
28 2183 
57 2350 
12 261 
43 1954 
47 87 
17 2696 
35 328 
27 508 
22 556 
46 2664 
28 1084 
43 1673 
25 2322 
29 456 
20 947 
13 2929 
39 2802 
40 2833 
22 615 
46 1448 
11 1344 
55 2425 
31 1711 
44 235 
28 2822 
58 1438 
15 1081 
22 2622 
14 530 
37 13 
36 2931 
53 1957 
42 2923 
49 2793 
47 926 
52 1237 
30 87 
22 1292 
59 1297 
36 2119 
28 1776 
16 2375 
18 1369 
56 961 
58 2424 
36 726 
16 1618 
42 2438 
52 1470 
42 2428 
57 1174 
25 2016 
22 1678 
18 1112 
36 2185 
42 1444 
20 1489 
28 1519 
17 165 
40 1755 
50 1157 
40 2645 
34 2513 
44 1666 
44 2016 
55 1080 
51 2109 
56 2152 
48 403 
25 1464 
49 1197 
19 899 
45 1076 
29 2542 
52 2248 
58 1531 
14 1479 
35 530 
51 609 
57 2324 
36 991 
13 516 
12 850 
27 1589 
14 633 
14 1543 
39 662 
53 1866 
49 2561 
17 1032 
21 406 
22 2564 
44 1089 
55 2874 
59 2991 
59 2024 
42 303 
51 1433 
13 2557 
33 2756 
51 777 
60 2370 
50 1442 
45 1231 
13 2993 
22 163 
58 2176 
38 2281 
24 523 
16 2664 
25 2054 
47 1846 
16 1929 
38 860 
45 651 
26 2377 
39 2265 
56 920 
19 332 
60 2413 
36 1412 
37 1073 
47 4 
15 1202 
38 562 
25 1743 
27 2903 
48 2675 
41 1218 
44 667 
30 1501 
53 1350 
28 2141 
29 2176 
34 1419 
50 500 
42 1866 
34 768 
29 2981 
31 99 
52 185 
51 861 
49 2780 
45 2269 
59 1420 
47 568 
31 681 
27 1390 
31 1186 
27 2645 
16 2856 
54 137 
31 2419 
16 941 
59 576 
51 2941 
22 231 
11 1550 
23 1687 
30 1711 
16 1808 
41 378 
48 1899 
29 2661 
46 35 
15 391 
52 2800 
39 2314 
28 2134 
17 1969 
21 1997 
21 1172 
40 61 
33 2942 
59 1594 
14 2556 
11 1986 
46 2889 
45 2404 
11 1320 
51 2205 
23 32 
16 293 
58 1925 
37 304 
55 2839 
60 505 
23 1879 
25 1435 
32 15 
39 1528 
31 781 
23 2856 
31 1397 
21 921 
29 2401 
37 2483 
45 184 
35 2482 
19 2553 
45 353 
52 2436 
18 1106 
25 1774 
50 838 
51 2920 
25 1711 
11 2878 
28 2073 
36 1528 
54 2046 
41 470 
38 1065 
14 1655 
56 114 
19 682 
28 950 
27 2027 
15 1783 
13 1947 
31 293 
28 1985 
15 2918 
24 1624 
51 840 
11 2336 
47 1431 
15 1765 
57 810 
31 392 
35 2329 
33 2093 
41 1542 
29 37 
34 2271 
43 2944 
25 1201 
41 2269 
30 1846 
52 812 
45 1395 
59 274 
37 304 
48 24 
25 160 
27 2740 
48 1840 
42 118 
43 302 
15 1056 
35 2489 
12 2839 
51 984 
20 2511 
39 703 
34 2866 
57 1173 
49 2626 
38 2528 
59 644 
47 767 
43 2174 
18 2566 
54 690 
30 2798 
56 144 
48 449 
44 679 
42 145 
51 1260 
58 1214 
37 296 
48 1615 
31 1917 
52 2921 
21 1180 
48 295 
14 645 
21 2997 
45 80 
56 432 
35 2783 
42 908 
21 2663 
15 1353 
34 2252 
29 2751 
57 2656 
27 2820 
35 211 
52 1485 
50 779 
39 1743 
36 1991 
51 462 
32 2588 
53 2996 
31 2124 
16 183 
48 2660 
46 763 
23 1454 
23 1809 
21 2582 
40 385 
52 2072 
29 1181 
12 1000 
36 1977 
52 2366 
48 2764 
14 682 
21 1676 
17 1366 
18 2646 
37 745 
19 639 
58 921 
60 659 
14 1779 
53 645 
60 264 
36 1052 
25 2101 
40 1956 
28 2818 
31 771 
11 2182 
58 1360 
57 1656 
15 2276 
60 1413 
24 1950 
46 2713 
18 539 
54 1002 
44 45 
27 361 
58 583 
21 1828 
49 1630 
57 1609 
11 2847 
50 2198 
18 1689 
15 2563 
24 957 
35 1229 
16 1012 
54 2865 
11 137 
28 86 
43 2835 
56 1981 
29 258 
18 307 
47 2804 
28 1639 
12 409 
49 1560 
59 2745 
34 764 
11 2800 
53 958 
22 638 
32 2714 
34 2392 
11 1658 
38 948 
48 346 
15 1445 
15 443 
60 272 
44 1954 
42 622 
25 481 
28 2338 
54 1771 
47 588 
38 300 
35 902 
25 2350 
53 515 
18 2870 
22 1645 
25 18 
52 1219 
21 2393 
52 246 
56 2874 
27 2210 
16 1936 
59 1949 
16 1388 
49 434 
47 1113 
45 2052 
23 1979 
28 1822 
60 1380 
26 2766 
57 1259 
47 2209 
12 178 
14 1997 
13 672 
19 1108 
18 809 
19 665 
56 297 
58 1235 
21 2784 
48 2575 
24 555 
56 1313 
46 2214 
39 1035 
32 2415 
53 1123 
54 49 
32 347 
32 2382 
16 1031 
52 2566 
56 90 
24 2793 
36 1975 
39 2313 
59 2042 
29 297 
17 2857 
20 1785 
51 333 
11 1485 
18 1846 
43 2631 
52 2605 
24 1350 
45 2905 
25 2330 
54 1129 
35 1669 
15 2755 
43 2355 
56 1904 
11 2502 
20 2512 
48 2 
57 540 
46 2004 
46 371 
44 1929 
35 997 
38 961 
13 1193 
53 1247 
33 469 
27 127 
33 1952 
41 2370 
17 2484 
34 318 
55 861 
29 2191 
13 2156 
56 1138 
36 531 
28 2852 
37 696 
23 2780 
50 1807 
38 2264 
37 1996 
50 2849 
59 2222 
28 2505 
15 1441 
34 1052 
14 492 
54 1758 
58 2140 
55 2525 
32 664 
37 1549 
19 541 
40 950 
57 409 
23 1973 
16 2954 
33 1055 
36 1742 
21 1232 
45 1437 
45 540 
40 229 
57 2279 
30 2543 
14 2741 
16 1180 
51 1565 
30 672 
26 1418 
42 79 
52 1188 
42 2914 
54 2559 
17 856 
51 2541 
52 425 
40 1572 
15 2376 
60 1076 
28 2653 
27 2124 
42 2809 
50 2903 
41 905 
30 1912 
45 2061 
11 1719 
36 44 
37 1333 
60 2419 
33 543 
56 1305 
26 1200 
42 316 
38 2950 
30 796 
35 1504 
14 816 
16 1436 
32 2726 
60 759 
46 1150 
37 1112 
56 1105 
56 2797 
34 668 
49 1071 
34 2805 
32 356 
32 2249 
17 791 
54 433 
54 1000 
58 700 
45 671 
37 134 
39 2914 
46 1257 
37 181 
22 1172 
37 237 
52 667 
19 1515 
31 1280 
30 1294 
39 2878 
45 924 
20 1730 
33 1909 
41 1358 
40 557 
53 1360 
31 478 
27 1847 
20 2330 
29 1338 
28 2562 
15 1576 
36 2827 
15 298 
31 735 
35 557 
19 837 
46 581 
55 2067 
50 2676 
33 1133 
46 445 
20 1004 
52 2972 
43 2662 
19 602 
33 313 
37 650 
52 2383 
59 1612 
28 1826 
28 2128 
22 1805 
18 2406 
31 1998 
42 846 
40 469 
50 2091 
32 933 
24 2156 
54 723 
17 168 
47 1933 
28 1878 
27 2468 
51 1784 
53 8 
21 954 
25 971 
22 35 
30 2793 
42 801 
21 2874 
51 2084 
16 2657 
49 1752 
39 995 
29 1765 
39 88 
53 1945 
16 1483 
41 848 
53 2343 
14 1359 
25 2865 
55 984 
19 2977 
44 621 
60 2027 
14 655 
43 942 
18 2061 
48 2029 
37 2566 
26 2171 
22 2023 
16 294 
33 200 
47 2728 
18 653 
52 302 
47 2600 
38 420 
30 479 
56 275 
46 1128 
26 1243 
50 855 
31 1717 
30 2739 
47 2633 
23 1892 
37 2335 
51 2915 
22 1000 
27 2005 
12 2555 
16 1931 
35 2527 
20 2772 
11 895 
12 1368 
49 1791 
32 2760 
19 2993 
60 2098 
36 1962 
51 2904 
59 432 
30 710 
43 1088 
27 84 
53 2022 
25 969 
59 1424 
50 1701 
30 1991 
29 2158 
44 2290 
27 1992 
45 1766 
49 2612 
40 2430 
25 2728 
23 36 
49 1995 
33 855 
39 2117 
39 1445 
45 1777 
28 825 
39 2889 
27 897 
56 1300 
49 1315 
54 173 
42 1732 
44 1511 
23 2650 
48 1725 
45 2027 
32 1159 
43 502 
38 461 
56 712 
49 2165 
48 418 
13 2407 
24 1450 
16 1852 
24 1349 
36 196 
43 2159 
18 1945 
18 648 
32 1844 
34 2445 
13 258 
56 630 
29 1891 
53 659 
17 933 
36 459 
49 2742 
18 1396 
55 2024 
57 1321 
31 529 
41 1628 
35 2639 
35 1198 
42 2300 
52 1836 
18 587 
27 628 
39 1510 
48 1235 
52 66 
55 132 
17 1305 
37 2103 
40 1623 
35 250 
13 1606 
39 2328 
56 1504 
37 429 
15 1519 
25 1064 
17 2081 
51 2286 
52 681 
32 383 
56 269 
24 904 
35 2393 
18 2604 
25 1133 
13 870 
50 2081 
57 2037 
46 1425 
25 2091 
53 1729 
14 2752 
22 2197 
49 2103 
37 260 
46 974 
40 351 
37 2804 
55 2234 
17 1110 
28 2611 
39 807 
52 2527 
53 2627 
13 2308 
29 1598 
48 2575 
59 2549 
31 737 
12 1999 
58 1489 
32 2228 
51 2200 
41 2286 
43 1790 
57 2151 
60 77 
19 91 
15 504 
30 1257 
21 2490 
14 1550 
24 1554 
59 1186 
50 102 
44 638 
52 507 
27 1132 
16 2247 
29 1491 
46 1515 
53 2788 
53 1301 
38 1897 
14 299 
14 1966 
49 359 
28 2204 
23 2318 
50 1554 
29 925 
53 1712 
42 2759 
53 1489 
18 964 
41 745 
38 1323 
42 1421 
36 762 
29 2131 
20 1174 
59 1200 
43 2316 
14 797 
43 793 
60 1403 
27 1893 
24 500 
11 308 
51 1360 
31 2671 
15 749 
54 2636 
31 1321 
59 541 
11 1809 
25 1899 
18 599 
26 763 
55 198 
15 1096 
12 624 
48 2065 
33 1991 
33 463 
12 643 
44 2806 
53 1479 
54 1615 
59 542 
16 601 
12 1222 
12 62 
30 1417 
34 566 
25 2379 
21 566 
14 2001 
43 1828 
53 2707 
51 2044 
59 2776 
12 2444 
16 1995 
20 1756 
48 565 
16 2590 
48 2207 
11 957 
34 826 
34 2590 
16 887 
17 909 
49 841 
47 1581 
57 2379 
36 896 
14 177 
51 1111 
33 2100 
26 2411 
27 2573 
12 2154 
42 2354 
23 107 
39 2688 
56 735 
34 554 
53 812 
55 1731 
54 1941 
19 720 
48 614 
58 1230 
34 771 
40 1941 
43 346 
24 2884 
11 645 
49 313 
13 2767 
11 798 
11 926 
13 2496 
48 449 
36 1833 
50 2335 
14 2929 
58 1152 
19 2024 
34 1488 
24 2806 
45 2829 
51 2035 
35 2629 
60 1927 
55 52 
36 248 
37 1779 
53 66 
37 1320 
59 1968 
16 2154 
59 954 
15 407 
39 2578 
56 1292 
43 1782 
33 2775 
28 2297 
13 867 
34 2150 
30 1651 
57 2599 
39 2491 
24 8 
20 1914 
37 1816 
28 1575 
31 1724 
43 449 
12 1930 
52 1036 
21 916 
21 1879 
23 565 
57 1788 
24 1719 
48 2110 
27 1219 
12 1332 
38 2762 
58 1256 
39 2017 
41 2049 
50 2515 
59 2393 
55 2292 
41 2155 
18 1943 
45 420 
17 1482 
19 2573 
12 2996 
44 1868 
26 986 
59 143 
57 796 
59 2675 
22 1581 
35 904 
55 1923 
56 2891 
26 1076 
56 1773 
30 782 
54 2877 
25 2102 
59 166 
58 1482 
43 663 
29 2584 
18 565 
41 2556 
51 895 
46 2665 
58 2582 
49 2445 
33 505 
33 1870 
37 1242 
11 1821 
30 2618 
34 918 
43 371 
12 2168 
46 2570 
11 2543 
47 2833 
60 1429 
37 937 
54 2524 
28 384 
31 342 
50 193 
23 869 
44 2566 
51 2904 
43 1314 
33 1965 
47 1276 
44 422 
58 586 
26 1684 
29 117 
22 1145 
13 1557 
31 1922 
53 341 
24 532 
45 1826 
60 2670 
53 1440 
33 925 
16 1098 
52 2142 
33 1725 
25 570 
23 582 
15 81 
58 2717 
37 2102 
35 2949 
33 917 
51 638 
59 1525 
26 200 
55 1558 
52 1119 
43 2097 
28 2724 
50 1941 
60 1504 
22 1462 
45 2467 
54 134 
45 471 
45 1511 
29 257 
38 1412 
57 1228 
46 1062 
37 1482 
29 418 
13 2453 
26 2520 
38 1455 
22 1328 
18 1674 
51 2394 
52 2035 
39 1378 
17 2113 
48 627 
32 2315 
48 968 
52 2326 
41 2321 
17 2351 
48 1111 
14 2604 
41 1331 
18 2442 
20 1368 
27 151 
23 2958 
47 992 
45 2393 
16 1575 
29 529 
49 2057 
58 1783 
42 1228 
13 2540 
39 1192 
11 2734 
57 1633 
24 2557 
34 1426 
34 2541 
36 2388 
58 1464 
41 1185 
16 1187 
19 874 
25 999 
42 563 
43 2015 
52 1235 
17 2720 
37 2557 
15 573 
51 869 
41 2614 
56 1404 
14 1221 
54 2004 
44 1874 
50 891 
22 650 
26 2479 
60 2398 
53 2133 
24 2534 
29 670 
16 145 
38 2410 
30 2118 
40 1550 
42 275 
16 1237 
57 1801 
52 1882 
34 1483 
32 1086 
42 1888 
24 1484 
47 956 
26 400 
51 1334 
32 446 
41 1999 
18 252 
27 837 
13 200 
22 2810 
48 310 
20 2732 
52 2284 
24 1963 
31 698 
12 1636 
41 190 
53 2796 
50 783 
41 2363 
41 311 
21 1788 
22 2829 
34 67 
40 1087 
36 2168 
57 1486 
11 940 
31 464 
14 2193 
23 1456 
38 693 
57 770 
50 2586 
14 2321 
60 484 
41 661 
31 545 
51 2247 
21 1221 
45 486 
50 2433 
33 2990 
32 443 
15 626 
45 2318 
43 462 
20 1429 
43 850 
27 839 
32 666 
32 152 
38 945 
56 2519 
53 1658 
49 1579 
54 1478 
22 1466 
29 1383 
21 2623 
20 1895 
50 2144 
19 2302 
33 1643 
13 2291 
41 1024 
16 1155 
37 1634 
59 2575 
14 2993 
42 2242 
31 727 
31 2582 
55 241 
27 1805 
23 1028 
11 2155 
32 759 
16 1096 
14 2310 
46 2234 
43 693 
48 2211 
38 2838 
45 1181 
40 17 
34 1753 
53 1844 
46 639 
44 354 
53 2299 
42 494 
13 1905 
14 260 
60 1357 
29 385 
51 253 
37 1330 
23 755 
30 1600 
47 1701 
26 61 
13 2710 
16 2491 
11 1340 
54 143 
50 1577 
48 2794 
41 2592 
13 480 
60 2973 
26 2242 
37 2293 
32 391 
59 2091 
50 2685 
51 957 
57 1596 
29 2353 
46 1719 
54 929 
23 2033 
16 201 
36 338 
54 2230 
28 1443 
14 2033 
47 130 
37 1608 
32 2427 
60 2862 
24 2192 
30 2560 
47 2188 
22 2224 
18 2955 
15 471 
49 10 
33 1164 
59 1166 
53 1516 
20 2946 
11 996 
37 2929 
15 1299 
16 1004 
22 1819 
58 2681 
38 1686 
31 642 
20 830 
56 1414 
60 2935 
35 2674 
60 2473 
49 2195 
51 1151 
50 2241 
56 2919 
29 2453 
29 1876 
16 80 
54 1355 
22 2424 
51 2684 
25 950 
24 1012 
25 2165 
56 1489 
49 2396 
21 29 
52 2301 
41 1081 
53 677 
11 1414 
39 2919 
49 936 
60 1335 
53 462 
20 2683 
55 1526 
44 1010 
47 698 
37 835 
46 2717 
42 498 
55 2523 
11 1628 
15 2395 
14 2306 
18 2784 
36 1449 
31 2926 
45 713 
49 1596 
57 883 
31 1730 
55 9 
37 2771 
53 1964 
49 1776 
24 2935 
58 316 
22 2253 
20 865 
20 870 
60 1485 
28 2423 
22 2804 
45 2500 
59 882 
45 1871 
23 331 
39 2390 
11 74 
15 291 
59 1518 
35 499 
43 1787 
11 1895 
13 2012 
24 1003 
58 2433 
37 2610 
46 911 
21 986 
54 195 
18 2107 
35 2438 
58 977 
21 552 
27 1712 
32 1492 
20 1606 
38 2312 
60 632 
33 615 
46 2170 
57 2762 
41 2634 
35 1592 
29 168 
48 1178 
36 2663 
26 1825 
49 126 
37 2258 
47 2150 
11 1398 
17 1730 
19 1959 
21 2031 
33 1347 
13 2620 
18 683 
15 2132 
36 576 
12 1764 
13 2277 
38 2368 
12 2768 
56 830 
35 2034 
41 125 
42 1437 
14 1140 
55 1215 
33 320 
23 2075 
49 1020 
19 2543 
14 87 
28 155 
12 2223 
43 979 
50 1236 
56 1787 
25 2771 
31 2747 
57 1252 
44 2453 
53 1930 
29 617 
59 931 
51 2539 
12 152 
44 2805 
50 2903 
19 2791 
35 2742 
29 1067 
37 1514 
13 394 
46 673 
50 1883 
36 1675 
47 2371 
17 2705 
47 557 
47 30 
56 288 
43 2881 
53 1122 
43 51 
22 2260 
54 1680 
36 1473 
55 530 
28 2181 
15 2357 
25 1182 
44 101 
12 2692 
17 891 
58 1143 
30 695 
40 1804 
35 1522 
35 710 
35 1188 
29 2420 
27 646 
52 763 
37 109 
55 81 
28 1709 
23 1553 
21 1814 
54 2669 
14 1843 
21 975 
48 2593 
38 112 
26 54 
33 742 
51 1493 
22 1459 
48 1405 
32 665 
26 2516 
57 2035 
37 2359 
47 1089 
35 2182 
20 1580 
34 2272 
15 561 
24 2684 
35 682 
48 2197 
33 1330 
50 1936 
49 179 
53 2010 
55 2558 
37 2292 
54 805 
12 2882 
56 526 
23 355 
16 438 
36 2012 
11 1842 
57 2375 
33 1784 
33 1297 
24 2964 
45 254 
55 1277 
25 2041 
46 1491 
42 129 
58 334 
20 1893 
21 2424 
57 316 
23 1872 
39 1563 
23 1726 
49 587 
19 564 
44 974 
37 2468 
39 1373 
56 1193 
24 2281 
44 2097 
21 2331 
42 122 
35 993 
55 821 
20 2757 
54 1339 
32 757 
24 2960 
55 924 
33 578 
60 1402 
57 828 
34 1492 
31 187 
32 2056 
46 532 
48 2417 
15 312 
19 549 
42 2421 
18 1527 
19 2329 
45 822 
50 1330 
57 163 
17 1346 
24 2656 
34 1689 
57 1546 
38 2271 
11 1863 
14 2690 
41 1159 
11 2392 
19 1484 
22 68 
20 2570 
58 2645 
53 2388 
34 2839 
12 232 
47 1465 
49 1062 
15 1386 
17 2732 
18 559 
56 1161 
58 577 
29 600 
28 1730 
43 1779 
57 2444 
60 1545 
50 2442 
44 765 
42 1185 
57 1168 
11 1235 
39 505 
32 2187 
49 979 
55 2534 
52 344 
20 2162 
53 429 
51 377 
19 2688 
33 1258 
44 2612 
11 2867 
37 683 
11 1725 
12 1403 
21 1783 
17 283 
29 2495 
23 1066 
41 1104 
21 2842 
26 56 
33 1508 
42 181 
55 604 
49 130 
28 2841 
56 944 
35 1398 
28 77 
60 2978 
21 2059 
22 179 
15 2225 
56 1637 
40 357 
39 1297 
22 2101 
15 1195 
43 999 
11 1423 
41 2718 
24 1828 
21 2138 
38 328 
26 377 
17 1776 
47 1269 
15 2044 
55 902 
40 1524 
18 2510 
33 2021 
22 2977 
26 1595 
37 2366 
27 2807 
45 1280 
45 95 
30 2212 
34 335 
50 1430 
21 79 
60 1417 
32 894 
28 153 
30 928 
23 2942 
60 1624 
28 867 
30 1244 
44 587 
13 18 
28 389 
22 2987 
60 885 
32 2891 
27 2784 
31 2716 
12 2442 
22 869 
57 1083 
58 2609 
34 2448 
44 1293 
26 2154 
48 1250 
52 1290 
27 2309 
40 1379 
58 1629 
25 2969 
32 2633 
14 2192 
59 1655 
46 662 
35 1932 
54 2023 
52 119 
32 475 
21 2487 
40 1650 
46 71 
52 2355 
40 2321 
45 2027 
12 699 
57 173 
42 2802 
26 32 
16 2053 
55 1682 
44 2788 
16 2875 
16 2877 
12 1668 
26 681 
29 803 
12 960 
17 483 
41 1241 
21 1934 
52 2559 
18 2975 
20 2173 
16 1167 
36 1402 
58 2561 
49 904 
48 1446 
42 489 
25 1199 
31 1133 
12 2624 
55 2510 
18 77 
13 318 
20 746 
36 1467 
30 2587 
51 1077 
13 2568 
38 953 
41 1018 
16 2268 
23 339 
18 279 
48 1980 
23 891 
14 1207 
60 2061 
43 1854 
41 644 
11 2958 
20 670 
57 453 
58 649 
32 1927 
11 2852 
54 808 
29 2758 
57 2578 
46 2684 
18 1799 
34 513 
17 1325 
33 1640 
41 2655 
45 481 
25 2097 
13 2861 
59 600 
19 2920 
39 2462 
32 2822 
31 2242 
42 2119 
30 2967 
12 729 
27 2727 
51 2826 
14 1165 
27 2286 
30 1451 
26 784 
57 1620 
54 447 
30 1504 
27 2450 
27 490 
31 2290 
43 2202 
18 2254 
31 562 
42 1989 
50 1574 
24 2043 
49 630 
38 558 
41 1446 
53 2979 
25 2688 
36 2636 
53 1144 
45 212 
45 1708 
11 2067 
21 908 
33 1133 
29 1654 
32 2461 
40 2287 
13 318 
29 183 
37 2701 
40 271 
39 2396 
18 456 
42 1852 
59 1468 
23 583 
37 1563 
12 1788 
33 1674 
30 1643 
39 393 
13 1258 
42 2958 
37 300 
52 153 
12 2471 
33 382 
26 732 
48 1249 
44 2436 
29 1998 
31 595 
23 724 
44 1087 
59 2654 
39 779 
58 1184 
49 429 
51 1315 
40 1632 
30 1431 
14 2242 
23 319 
36 2 
30 261 
49 1988 
18 511 
44 522 
44 2668 
18 1334 
33 1337 
23 70 
30 1853 
11 1012 
27 2282 
53 1986 
25 1096 
40 229 
26 1905 
40 1037 
25 18 
34 1774 
39 310 
56 2114 
37 903 
60 2649 
49 2912 
28 2110 
24 920 
31 2282 
12 115 
30 1266 
20 199 
54 328 
13 2075 
24 1619 
54 1740 
52 2972 
59 2687 
48 2025 
52 237 
33 180 
60 1742 
52 2615 
22 114 
56 215 
39 515 
42 1790 
25 325 
27 519 
11 833 
47 2194 
32 2881 
28 1972 
29 1955 
56 860 
53 20 
50 394 
23 1033 
18 2126 
56 2255 
50 1374 
32 1171 
24 1538 
57 2632 
17 1597 
24 1545 
51 387 
35 308 
18 1344 
24 705 
13 2508 
34 594 
13 2837 
36 612 
22 124 
26 1654 
57 339 
36 2012 
37 2023 
56 1285 
31 2459 
39 2113 
58 1254 
30 2555 
59 2385 
20 2151 
54 1335 
55 2496 
33 1722 
17 837 
55 325 
52 694 
25 17 
15 243 
49 1700 
37 362 
21 1356 
34 2060 
21 2246 
26 2909 
40 2577 
21 1226 
22 2507 
31 2786 
39 828 
32 425 
14 815 
28 2518 
42 1175 
21 222 
36 1639 
43 2088 
56 57 
57 306 
12 113 
26 1283 
49 2977 
18 952 
45 229 
48 1063 
18 1711 
48 2911 
36 2957 
40 357 
41 2892 
38 1357 
41 1513 
54 2228 
29 1943 
46 870 
15 451 
12 2095 
39 1660 
57 614 
50 1136 
38 647 
56 867 
19 2723 
34 1040 
41 1954 
42 1361 
22 2814 
33 1458 
51 1441 
60 2278 
22 2806 
39 1813 
60 859 
34 1946 
34 415 
43 852 
21 631 
30 2321 
13 2893 
23 784 
59 1996 
54 2860 
21 2016 
27 1553 
18 1716 
41 469 
33 559 
43 773 
29 457 
30 945 
31 503 
58 2284 
43 1217 
16 1485 
20 20 
30 308 
25 2115 
27 1175 
40 1836 
38 2289 
13 558 
17 2776 
28 2390 
58 588 
58 969 
42 1420 
31 679 
15 2955 
56 363 
52 357 
42 1411 
24 2397 
36 1182 
33 2007 
29 1002 
56 1272 
21 1052 
59 730 
53 1946 
28 1342 
26 201 
22 1737 
40 1168 
53 127 
40 834 
43 2264 
57 1498 
20 474 
41 2934 
40 752 
46 1127 
35 198 
41 773 
38 323 
30 2245 
27 335 
55 2130 
33 676 
57 1466 
14 2179 
59 1988 
52 2247 
47 453 
30 1220 
46 2200 
31 1673 
36 1345 
31 2856 
27 2798 
41 2186 
54 2547 
32 2190 
38 2295 
28 2324 
20 1371 
12 410 
19 2943 
17 1547 
55 2376 
26 1133 
37 1736 
15 2253 
40 2027 
20 2548 
34 342 
43 1569 
50 1605 
19 2267 
11 976 
53 2010 
58 444 
31 408 
49 2427 
15 1485 
15 1720 
27 1081 
18 2774 
45 887 
60 497 
47 624 
48 2519 
54 1430 
35 302 
58 2725 
39 342 
46 1679 
46 1857 
46 1876 
43 1392 
20 437 
24 329 
30 1271 
12 2554 
19 1901 
60 295 
36 1240 
26 2420 
31 1992 
33 1068 
27 1702 
20 1154 
42 2547 
20 2817 
34 1645 
21 2485 
43 2024 
23 1302 
54 266 
18 154 
27 1257 
59 2394 
56 966 
23 2868 
17 2238 
48 2025 
51 49 
39 2022 
55 540 
50 1720 
46 750 
14 1969 
33 1369 
32 418 
44 1829 
32 1152 
48 1372 
56 285 
49 2710 
13 2645 
57 1440 
32 237 
48 2200 
18 1434 
51 1448 
13 2627 
57 1708 
57 2322 
36 2568 
51 1710 
59 1014 
21 2186 
45 758 
30 2425 
28 2622 
30 2414 
21 1091 
11 2548 
52 2260 
43 732 
17 1485 
20 256 
53 2656 
39 620 
34 19 
41 972 
43 2894 
17 769 
11 2626 
54 1118 
60 2615 
42 660 
17 182 
20 1698 
51 2244 
41 500 
39 491 
17 1273 
56 1035 
54 2721 
15 1925 
54 2437 
28 1200 
18 2468 
38 751 
46 1129 
27 1117 
50 1773 
60 2699 
32 1442 
53 602 
53 23 
54 399 
57 1942 
45 890 
22 542 
24 58 
38 1631 
19 887 
11 2786 
47 2036 
26 2705 
14 406 
37 2153 
14 2298 
56 2398 
12 239 
32 1695 
49 1418 
48 126 
20 2 
27 2473 
19 996 
16 1667 
43 258 
15 871 
53 70 
36 2796 
35 2404 
60 931 
12 597 
40 2305 
47 452 
59 2528 
31 2339 
13 2232 
50 671 
15 2398 
28 512 
26 1252 
29 220 
35 413 
52 50 
20 1116 
15 211 
58 1506 
17 78 
22 1994 
41 2161 
33 453 
59 1525 
45 1190 
57 1741 
49 1564 
14 2354 
28 372 
36 2642 
46 567 
53 1695 
44 2847 
17 1432 
15 63 
21 2866 
18 93 
38 1280 
55 1228 
16 229 
27 54 
31 355 
30 1924 
19 2137 
57 2634 
38 782 
12 1820 
38 2585 
28 2084 
26 722 
59 228 
48 1906 
30 2965 
48 865 
55 1045 
55 961 
59 766 
28 68 
51 1728 
16 2688 
23 1333 
31 2264 
14 649 
58 2521 
44 216 
55 2582 
53 1182 
50 1115 
58 2729 
39 394 
33 775 
15 1871 
52 374 
50 1933 
11 2197 
32 813 
39 2792 
36 1384 
52 2275 
17 1228 
50 1851 
19 285 
44 3000 
59 2233 
38 729 
37 501 
13 1333 
33 395 
16 2365 
39 806 
21 1650 
30 2442 
51 2045 
35 2585 
31 2433 
22 1161 
43 1972 
57 2018 
32 547 
11 1699 
35 1229 
11 129 
21 2626 
35 1266 
50 553 
33 550 
12 1392 
53 995 
48 1520 
39 2458 
12 1742 
30 2587 
23 2766 
14 36 
24 206 
47 1938 
44 1637 
27 994 
24 2941 
21 603 
56 2033 
15 47 
36 1847 
53 1563 
26 2323 
33 1318 
24 2342 
16 2129 
20 211 
24 123 
27 1602 
23 2202 
51 1831 
58 2204 
33 158 
17 2968 
53 1663 
27 670 
19 1759 
43 1227 
42 605 
56 2497 
58 1151 
37 2757 
21 1493 
40 2129 
54 2644 
41 684 
34 1878 
50 596 
47 398 
24 2281 
20 930 
11 2568 
50 2183 
54 1121 
49 689 
30 436 
51 2946 
53 552 
48 424 
42 1884 
29 1362 
27 1892 
51 158 
47 2978 
15 402 
20 2614 
41 2560 
44 1723 
54 679 
53 2232 
30 1164 
28 910 
20 212 
23 2899 
47 1845 
42 1405 
18 1701 
56 1149 
18 134 
38 2765 
46 1087 
38 2218 
57 1911 
50 2740 
52 1135 
34 1661 
60 2343 
30 1111 
14 1383 
20 892 
39 143 
58 1136 
55 295 
44 1405 
38 1113 
29 1315 
60 898 
45 198 
19 2176 
49 2750 
22 2612 
20 312 
14 1331 
32 1859 
25 2783 
12 643 
36 2749 
39 2472 
55 1414 
36 1175 
37 2044 
51 2078 
52 725 
37 102 
13 2915 
13 914 
39 1964 
37 2184 
56 2999 
55 711 
41 1848 
13 58 
59 483 
40 2343 
57 757 
27 1775 
11 358 
12 94 
44 478 
57 1686 
54 1101 
12 974 
24 1528 
18 709 
38 1904 
31 2011 
11 124 
28 2699 
18 1949 
52 2854 
16 2558 
40 2858 
27 2831 
13 1701 
20 849 
46 1756 
59 337 
39 2364 
27 238 
34 1094 
51 2195 
14 2892 
30 2524 
50 627 
32 1983 
43 1177 
51 2812 
46 2159 
55 1688 
19 1006 
46 1597 
23 1836 
45 2842 
11 1501 
39 1975 
57 2572 
31 50 
23 1190 
33 2404 
28 1045 
47 352 
33 279 
26 959 
47 510 
58 296 
27 2534 
54 1980 
31 1528 
33 272 
41 2603 
58 327 
34 1118 
36 1636 
19 301 
50 2178 
57 2778 
40 1269 
16 45 
39 2492 
16 2929 
49 124 
22 2382 
13 1534 
20 1275 
15 1290 
38 1402 
26 51 
31 2343 
49 2529 
53 430 
17 1339 
17 1588 
20 262 
42 2890 
15 2889 
28 244 
22 2631 
35 2467 
27 886 
51 321 
35 1970 
35 1142 
33 2297 
47 1763 
36 831 
52 884 
32 2750 
31 2481 
23 1454 
32 467 
52 2892 
20 1705 
32 335 
31 1038 
30 2264 
21 747 
43 1137 
50 957 
43 428 
29 2610 
19 2262 
53 780 
23 315 
22 2725 
28 333 
52 461 
34 1253 
26 98 
49 336 
45 511 
59 197 
17 1184 
45 848 
52 2118 
38 2563 
39 2886 
36 2924 
25 1539 
48 1628 
23 2006 
20 1806 
26 2536 
21 1631 
43 2349 
29 1119 
19 2269 
28 1467 
14 352 
25 296 
31 942 
18 1900 
39 2033 
33 2195 
31 2412 
32 2186 
27 133 
53 1235 
28 1753 
27 2300 
12 2535 
31 960 
16 2438 
39 2959 
49 2093 
14 2610 
46 463 
21 1916 
56 1035 
20 418 
56 1931 
15 2215 
25 1650 
59 2083 
12 665 
44 1855 
12 2504 
27 2707 
53 2945 
27 2082 
49 271 
53 126 
45 1255 
51 580 
49 502 
60 86 
42 1656 
60 2198 
15 100 
40 1059 
27 14 
25 2020 
29 783 
36 2162 
37 1742 
55 467 
24 989 
52 449 
53 2984 
40 1883 
45 81 
30 268 
47 1972 
26 2393 
31 745 
11 187 
20 1068 
18 1331 
60 1283 
54 2577 
37 2438 
55 92 
36 987 
52 20 
32 2624 
12 1807 
14 1573 
34 1792 
54 1539 
45 2615 
46 1987 
13 1097 
14 2711 
39 2256 
55 622 
44 2073 
21 2578 
27 836 
26 408 
17 2238 
43 460 
54 87 
43 469 
40 2576 
20 766 
50 2347 
13 2695 
55 158 
17 574 
23 1101 
55 1596 
36 1606 
34 42 
53 2441 
11 1000 
38 1184 
19 73 
30 491 
54 851 
29 253 
27 2608 
11 1721 
14 745 
38 2410 
28 1643 
23 2865 
48 1388 
32 1763 
41 1614 
16 2581 
25 233 
24 1776 
18 2385 
28 1551 
46 36 
15 1852 
56 2105 
32 1 
59 2801 
21 1519 
53 625 
43 2033 
24 204 
57 1144 
29 2702 
34 2486 
47 1488 
23 1296 
32 1230 
56 1459 
28 2352 
22 1965 
16 1233 
25 1656 
46 1727 
34 180 
13 1556 
22 2066 
21 711 
19 1632 
24 1285 
27 1050 
34 2729 
55 995 
20 2542 
16 2927 
53 467 
53 700 
12 1208 
16 437 
46 2881 
26 2989 
49 180 
16 899 
50 2967 
40 1653 
11 998 
15 1374 
36 2751 
30 2036 
55 2525 
24 1537 
52 1557 
49 2395 
26 2296 
41 753 
36 446 
53 964 
35 499 
25 1866 
25 2096 
29 2067 
54 925 
50 1171 
35 159 
18 319 
46 2872 
18 379 
40 1796 
33 2247 
53 2603 
11 618 
60 1444 
44 1377 
52 1500 
54 2758 
57 1112 
34 1040 
48 2615 
23 63 
33 120 
43 160 
53 2940 
48 2474 
47 662 
30 529 
26 2071 
59 1016 
26 784 
54 159 
45 337 
26 581 
11 2091 
33 1188 
15 1535 
12 1829 
16 2335 
49 2349 
36 2878 
32 2065 
50 894 
55 1155 
24 1795 
32 1181 
40 2617 
49 2564 
14 1254 
57 2106 
56 2469 
55 2400 
15 2599 
38 360 
43 216 
18 1910 
56 1882 
34 985 
35 919 
51 90 
23 2013 
30 2643 
41 2608 
18 1934 
23 54 
51 1908 
34 2036 
17 1228 
46 2534 
48 918 
12 1647 
39 899 
38 1153 
43 302 
33 1373 
51 2487 
47 1660 
41 2718 
29 2039 
13 2831 
54 746 
48 2318 
43 44 
57 2118 
40 2484 
47 383 
43 565 
41 2362 
27 515 
26 1491 
49 406 
38 328 
28 458 
57 1388 
58 2399 
29 2292 
56 2956 
19 628 
12 2505 
55 633 
51 483 
27 1175 
58 2999 
46 116 
23 551 
17 103 
19 2936 
40 1078 
53 826 
25 241 
37 683 
44 1072 
51 1492 
12 1694 
58 2148 
36 1040 
41 1044 
26 678 
52 102 
55 1906 
14 2751 
18 2664 
46 2790 
51 431 
27 558 
31 1543 
52 906 
27 2934 
59 2370 
37 1096 
27 1304 
48 1147 
57 2053 
36 740 
16 321 
55 862 
33 2005 
37 109 
54 1970 
51 2760 