300
500
87 122 
102 210 
138 363 
70 104 
149 271 
132 192 
127 134 
85 88 
81 3 
105 4 
81 61 
97 474 
146 485 
102 470 
91 52 
115 458 
133 96 
29 3 
20 128 
16 100 
60 129 
151 18 
74 167 
68 184 
132 202 
149 142 
122 326 
77 299 
72 259 
78 192 
72 172 
61 186 
130 371 
98 281 
59 145 
143 100 
33 375 
78 387 
152 75 
80 63 
38 461 
66 389 
98 22 
147 299 
42 306 
150 145 
39 343 
91 300 
73 370 
143 63 
75 165 
23 287 
149 132 
85 80 
116 447 
154 333 
17 49 
33 44 
83 259 
102 406 
26 183 
11 244 
137 233 
156 90 
114 328 
114 468 
102 18 
17 30 
159 483 
122 354 
39 307 
148 335 
66 110 
40 130 
80 71 
45 487 
16 437 
93 482 
131 478 
83 475 
65 427 
102 148 
106 400 
137 445 
143 490 
110 311 
157 188 
108 4 
159 227 
143 221 
160 19 
117 107 
68 289 
48 328 
126 11 
112 422 
49 96 
129 84 
105 98 
140 229 
49 30 
52 235 
79 389 
50 69 
27 74 
99 468 
55 496 
134 252 
146 14 
139 402 
86 381 
85 164 
88 244 
159 174 
103 331 
63 131 
120 294 
78 280 
144 307 
58 352 
41 137 
130 325 
94 245 
88 119 
68 6 
82 133 
48 47 
158 65 
50 99 
49 334 
89 493 
24 140 
96 181 
29 171 
100 266 
32 220 
114 341 
106 237 
48 323 
116 195 
140 227 
88 418 
33 327 
44 414 
35 424 
157 205 
126 63 
104 201 
153 262 
31 82 
90 245 
113 133 
95 400 
80 374 
34 77 
129 254 
113 248 
83 428 
84 208 
53 351 
142 292 
15 399 
14 251 
60 448 
122 322 
140 391 
76 34 
136 3 
146 245 
86 359 
131 296 
74 475 
53 338 
12 469 
108 447 
81 29 
48 77 
87 91 
137 378 
98 191 
62 419 
41 469 
15 308 
133 90 
112 51 
60 224 
108 116 
109 93 
63 452 
123 350 
108 83 
140 135 
19 9 
87 338 
48 467 
38 141 
97 460 
72 41 
28 284 
142 319 
46 282 
155 384 
57 93 
36 201 
156 388 
63 294 
82 132 
140 332 
52 357 
29 82 
35 48 
132 411 
68 183 
62 275 
129 433 
105 356 
126 339 
101 462 
93 66 
75 31 
15 417 
84 478 
60 455 
120 392 
73 330 
135 337 
138 398 
58 385 
93 51 
21 251 
95 307 
18 401 
158 49 
124 280 
126 228 
70 123 
56 485 
160 396 
150 261 
99 102 
51 463 
51 320 
70 38 
16 292 
150 66 
104 274 
32 352 
36 369 
112 240 
11 217 
79 162 
99 315 
157 291 
122 438 
11 200 
151 493 
24 181 
22 373 
30 219 
127 9 
94 262 
145 8 
125 160 
88 216 
61 80 
143 70 
102 123 
146 240 
123 297 
37 316 
58 419 
20 361 
110 324 
45 169 
152 453 
40 178 
25 164 
145 179 
33 264 
55 426 
104 179 
105 437 
113 82 
86 66 
140 204 
143 77 
82 392 
149 73 
75 373 
104 257 
86 123 
96 40 
48 470 
130 460 
95 464 
45 428 
154 231 
26 147 
74 391 
74 393 
156 296 
131 68 
99 109 
52 106 
44 85 
122 11 
19 499 
12 196 
28 471 
18 404 
47 244 
94 280 
37 399 
136 490 
102 341 
45 87 
146 407 
66 27 
78 498 
42 201 
144 345 
23 493 
153 464 
48 162 
144 195 
75 72 
149 248 
112 265 
159 129 
16 140 
80 340 
36 457 
107 84 
93 466 
143 114 
26 366 
18 228 
118 300 
103 398 
71 476 
154 26 
158 234 
35 251 
110 123 
139 456 
24 200 
57 340 
67 245 
85 139 
120 207 
113 227 
32 62 
64 282 
22 348 
141 174 
134 474 
11 223 
18 176 
33 57 
110 203 
124 264 
13 11 
65 59 
65 229 
109 317 
45 153 
103 358 
125 349 
51 428 
106 21 
11 371 
155 152 
153 54 
89 417 
72 180 
32 326 
53 226 
46 249 
46 442 
137 184 
68 263 
97 153 
83 403 
111 463 
140 48 
144 430 
79 330 
43 363 
93 463 
92 344 
103 103 
29 437 
90 356 
46 315 
160 14 
160 407 
137 186 
21 101 
100 411 
73 269 
69 398 
111 377 
137 483 
151 461 
156 222 
17 88 
86 177 
36 355 
43 61 
129 182 
135 19 
150 203 
116 351 
113 496 
23 217 
26 71 
25 166 
109 193 
109 242 
14 446 
73 162 
145 139 
148 260 
55 370 
133 14 
113 247 
44 195 
11 291 
155 455 
148 9 
133 254 
140 137 
129 230 
92 419 
131 187 
124 286 
58 248 
136 185 
20 120 
117 32 
95 161 
140 368 
115 430 
71 251 
46 148 
70 258 
61 191 
57 320 
132 428 
148 95 
124 454 
90 461 
13 155 
107 412 
136 403 
55 111 
24 424 
90 270 
65 340 
31 440 
48 280 
108 240 
82 296 
71 93 
33 149 
47 188 
114 66 
58 6 
82 496 
30 50 
109 64 
20 314 
98 489 
43 192 
141 455 
144 20 
96 181 
69 407 
136 22 
60 50 
132 38 
97 475 
16 236 
40 27 
91 249 
36 481 
123 87 
104 152 
88 229 
155 108 
143 178 
39 121 
120 89 
137 37 
20 26 
46 131 
76 322 
65 371 
69 437 
157 140 