200
500
56 983 
18 729 
48 944 
97 21 
18 498 
13 697 
19 110 
50 967 
57 898 
67 406 
49 587 
105 262 
31 600 
78 237 
20 368 
89 507 
12 239 
45 391 
44 121 
22 141 
80 166 
47 431 
85 676 
59 674 
35 105 
89 164 
54 325 
87 616 
34 696 
62 685 
25 783 
101 116 
83 778 
69 906 
60 622 
108 220 
97 234 
12 413 
71 750 
96 186 
16 516 
11 601 
51 477 
79 116 
82 772 
11 586 
64 343 
63 278 
30 263 
45 370 
94 932 
51 22 
27 942 
45 130 
53 520 
77 600 
46 367 
11 228 
105 769 
53 718 
50 495 
65 446 
100 59 
85 309 
32 610 
40 557 
51 970 
89 58 
73 365 
97 657 
94 205 
67 271 
81 457 
60 117 
87 545 
96 468 
49 192 
75 580 
60 340 
99 923 
59 270 
42 841 
102 410 
60 854 
84 788 
21 9 
102 119 
42 914 
85 481 
92 503 
35 567 
80 416 
68 235 
105 8 
36 235 
92 226 
15 113 
28 96 
84 668 
11 999 
17 163 
18 799 
91 991 
22 207 
81 446 
19 848 
22 31 
73 770 
27 257 
39 542 
54 762 
29 348 
85 536 
105 748 
13 95 
109 10 
20 458 
70 890 
58 223 
107 270 
78 157 
27 680 
97 379 
11 803 
98 281 
106 831 
52 814 
40 268 
60 324 
78 904 
28 466 
75 379 
33 424 
79 722 
109 717 
101 666 
35 108 
107 412 
48 849 
76 177 
39 614 
69 523 
37 888 
52 128 
21 509 
94 981 
36 648 
21 600 
34 979 
31 774 
57 664 
49 272 
33 488 
45 312 
46 952 
99 817 
75 199 
49 344 
97 832 
33 649 
103 206 
91 18 
16 692 
80 981 
32 642 
64 421 
15 544 
102 779 
41 78 
101 367 
91 931 
93 946 
91 873 
51 919 
66 463 
78 748 
31 900 
28 578 
53 439 
68 317 
90 663 
47 737 
16 780 
25 589 
19 957 
17 589 
49 841 
96 720 
75 526 
48 120 
51 557 
30 713 
19 337 
100 103 
85 199 
29 206 
71 507 
52 418 
48 809 
68 846 
27 664 
45 356 
14 672 
85 568 
108 64 
98 890 
31 907 
12 429 
105 891 
41 721 
51 302 
36 653 
18 220 
32 798 
90 780 
53 496 
53 429 
13 947 
11 629 
76 650 
103 553 
101 313 
21 492 
103 405 
44 975 
87 174 
86 403 
36 436 
84 247 
43 353 
88 227 
110 821 
18 755 
29 108 
93 336 
19 75 
51 999 
49 51 
52 183 
18 575 
68 284 
58 785 
48 925 
82 363 
33 156 
77 253 
93 267 
35 390 
31 895 
59 755 
40 309 
40 470 
69 920 
31 500 
13 680 
84 612 
25 173 
58 705 
59 320 
77 323 
85 134 
85 209 
62 999 
60 124 
103 150 
88 123 
68 59 
102 468 
89 464 
77 433 
105 40 
54 810 
74 791 
24 12 
72 932 
45 289 
75 261 
107 816 
70 799 
49 152 
58 817 
36 758 
85 218 
35 205 
43 192 
47 528 
93 32 
99 147 
85 554 
20 988 
95 196 
86 550 
67 773 
27 716 
81 8 
29 870 
86 845 
37 402 
24 852 
17 446 
105 595 
35 977 
89 13 
85 153 
76 337 
102 403 
42 768 
62 988 
50 20 
65 462 
37 274 
93 202 
80 310 
14 883 
23 562 
90 259 
18 5 
97 486 
79 62 
100 287 
60 482 
99 281 
59 992 
31 140 
21 675 
63 38 
110 635 
101 769 
54 546 
13 808 
17 683 
76 615 
49 653 
110 759 
76 442 
107 815 
33 85 
57 523 
86 67 
72 439 
104 614 
38 745 
58 418 
76 544 
74 868 
61 422 
12 769 
46 292 
31 488 
13 838 
39 799 
62 203 
46 450 
35 663 
27 386 
11 962 
61 928 
16 950 
108 571 
103 13 
101 196 
44 692 
74 470 
46 384 
19 738 
83 589 
46 576 
101 771 
35 867 
96 893 
14 886 
64 954 
76 912 
13 863 
92 748 
85 624 
53 308 
26 906 
39 3 
51 789 
50 213 
87 627 
98 519 
60 164 
95 535 
67 988 
82 262 
51 937 
83 196 
109 7 
53 25 
40 885 
95 297 
52 813 
109 782 
12 390 
104 330 
79 133 
59 118 
106 233 
14 704 
83 775 
76 865 
22 138 
70 862 
54 354 
97 774 
100 923 
32 731 
45 721 
22 688 
20 857 
80 478 
99 218 
57 637 
12 950 
50 374 
87 305 
49 140 
105 650 
11 938 
14 239 
73 593 
71 485 
86 248 
67 187 
97 18 
54 656 
106 384 
83 794 
82 27 
106 64 
110 172 
30 990 
21 514 
50 663 
14 995 
64 866 
49 766 
12 614 
23 258 
63 300 
86 548 
17 123 
93 532 
78 7 
68 363 
80 309 
96 789 
109 548 
13 290 
21 106 
46 816 
33 926 
91 377 
102 594 
44 44 
55 261 
53 551 
45 577 
92 3 
93 991 
75 652 
110 603 
103 598 
60 95 
49 712 
62 226 
37 226 
61 108 
12 42 
63 588 
47 649 
58 731 
109 935 
18 633 
47 890 
33 653 
104 922 
65 686 
81 405 
42 461 
26 683 
96 995 
70 837 
64 214 
40 506 
11 19 
64 1000 
59 704 
44 56 
98 222 
108 311 
85 191 
94 129 
86 807 
43 7 
77 1 
51 953 
57 652 